ASPATH: 34245 12713 12361 30850
ASPATH: 34245 174 209 6337 11268
ASPATH: 34245 174 209 6337
ASPATH: 34245 174 23520 10396
ASPATH: 34245 174 6762 8055
ASPATH: 34245 174 6762 27757 27738
ASPATH: 34245 3257 1239 27065 5803
ASPATH: 13237 702 3216 42101 42101 42101 21143 21143 21143
ASPATH: 29636 12713 12361 30850
ASPATH: 29636 2914 701 28513 14080 10620
ASPATH: 29636 2914 19029 32243
ASPATH: 5511 174 8402 24924
ASPATH: 29636 2914 174 8402 24924
ASPATH: 29636 6461 12111 3561 3561 3561 2914 3786 3786 17841 23577 23577 23577
ASPATH: 5511 2914 3786 3786 17841 23577 23577 23577
ASPATH: 5511 1239 19398
ASPATH: 286 3549 1239 22284 688 145 145
ASPATH: 286 3549 7018
ASPATH: 286 3549 3549 27065 27065 27065 5803
ASPATH: 286 3549 12956 22364 10396
ASPATH: 286 209 6337
ASPATH: 286 3549 3356 20060
ASPATH: 286 3549 2914 9498 9583
ASPATH: 286 3549 3549 27065 1733 5803 5803 5803 5803 5803
ASPATH: 286 3549 701 23520 10396
ASPATH: 286 12713 12361 30850
ASPATH: 286 3549 701 19398
ASPATH: 286 3257 209 721 721 721 721 721 721 27064 1491 6006
ASPATH: 286 3549 209 64 5691 5691
ASPATH: 286 3549 1239 22284 688 145 145
ASPATH: 286 3549 3356 40627
ASPATH: 286 3549 174 8402 24924
ASPATH: 286 3549 174 10240 10240 10240 10240 10240 10240
ASPATH: 286 12956 19114 27738
ASPATH: 286 3549 6762 27757 27738
ASPATH: 286 3549 1239 19429
ASPATH: 5511 1239 19429
ASPATH: 5511 3549 27065 1733 5803 5803 5803 5803 5803
ASPATH: 29636 2914 3549 27065 1733 5803 5803 5803 5803 5803
ASPATH: 5511 2914 3786 3786 17841 23577 23577 23577
ASPATH: 2914 278 18592 11537 17579 23911 7660 7684 2500 4725 2497 18084 18084 18084 9600
ASPATH: 2914 278 18592 11537 17579 23911 7660 7684 2500 4725 2497 18084 18084 18084 9600
ASPATH: 29636 2914 278 18592 11537 17579 23911 7660 7684 2500 4725 2497 18084 18084 18084 9600
ASPATH: 6762 286 29259
ASPATH: 6762 3549 12731 34138
ASPATH: 29636 2914 1239 22284 688 145 145
ASPATH: 29636 2914 1239 22284 688 145 145
ASPATH: 29636 2914 1239 19398
ASPATH: 29636 2914 1239 19429
ASPATH: 29636 2914 1239 6762 27757 27738
ASPATH: 29636 2914 1239 27065 5803
ASPATH: 5511 701 1239 22284 688 145 145
ASPATH: 5400
ASPATH: 29636 2914 5400
ASPATH: 13237 1299 1239 19429
ASPATH: 13237 1299 1239 19429
ASPATH: 30844 3356 40627
ASPATH: 30844 3356 29738
ASPATH: 30844 3356 12956 19114 27738
ASPATH: 30844 3356 20060
ASPATH: 30844 3356 6762 27757 27738
ASPATH: 30844 3356 3549 27065 1733 5803 5803 5803 5803 5803
ASPATH: 30844 3356 6453 19429
ASPATH: 39202 174 2914 9498 9583
ASPATH: 13237 3320 1239 701 28513 14080 10620
ASPATH: 29636 2914 702 3216 42101 42101 42101 21143 21143 21143
ASPATH: 5511 174 8402 24924
ASPATH: 39202 12713 12361 30850
ASPATH: 13237 3320 1239 19429
ASPATH: 5511 174 10240 10240 10240 10240 10240 10240
ASPATH: 39202 174 701 10240
ASPATH: 13237 702 3216 42101 42101 42101 21143 21143 21143
ASPATH: 39202 174 3356 40627
ASPATH: 39202 174 8402 24924
ASPATH: 39202 174 209 6337 11268
ASPATH: 39202 174 209 6337
ASPATH: 39202 174 6762 8400 8866
ASPATH: 39202 174 1239 22284 688 145 145
ASPATH: 39202 174 1239 22284 688 145 145
ASPATH: 39202 3257 1239 27065 5803
ASPATH: 39202 174 209 721 721 721 721 721 721 27064 1491 6006
ASPATH: 39202 174 3549 27065 1733 5803 5803 5803 5803 5803
ASPATH: 39202 174 7018
ASPATH: 39202 174 3356 23520 18678 27757 27757 27757 27757 27757 27757 27738
ASPATH: 39202 174 701 28513 14080 10620
ASPATH: 39202 3257 1239 19429
ASPATH: 13237 3320 1239 3549 27757 27738
ASPATH: 5511 701 2914 3786 3786 17841 23577 23577 23577
ASPATH: 29636 2914 1239 6762 27757 27738
ASPATH: 29636 2914 174 8402 24924
ASPATH: 29636 2914 174 19445
ASPATH: 5511 2914 9498 9583
ASPATH: 13237 3320 174 19445
ASPATH: 5511 701 28513 14080 10620
ASPATH: 5511 2914 9498 9583
ASPATH: 29636 8001
ASPATH: 5511 174 19445
ASPATH: 29636 2914 209 64 5691 5691
ASPATH: 5511 209 64 5691 5691
ASPATH: 6762 1239 22284 688 145 145
ASPATH: 6762 1239 19429
ASPATH: 13237 3320 1239 701 28513 14080 10620
ASPATH: 6762 9498 9583
ASPATH: 6762 7018
ASPATH: 5511 701 10240
ASPATH: 6762 209 6337
ASPATH: 6762 209 6337 11268
ASPATH: 6762 209 721 721 721 721 721 721 27064 1491 6006
ASPATH: 6762 6453 8866
ASPATH: 6762 1239 27065 5803
ASPATH: 6762 174 8402 24924
ASPATH: 6762 5400
ASPATH: 6762 3549 27065 1733 5803 5803 5803 5803 5803
ASPATH: 6762 174 19445
ASPATH: 6762 701 28513 14080 10620
ASPATH: 6762 3356 19029 32243
ASPATH: 13237 3320 174 19445
ASPATH: 8419 6461 174 19445
ASPATH: 8419 3356 7018
ASPATH: 8419 3356 29738
ASPATH: 8419 3356 6762 27757 27738
ASPATH: 8419 6461 209 721 721 721 721 721 721 27064 1491 6006
ASPATH: 8419 3356 3549 27065 1733 5803 5803 5803 5803 5803
ASPATH: 8419 6461 19029 32243
ASPATH: 8419 5413 701 28513 14080 10620
ASPATH: 8419 6461 1239 19429
ASPATH: 8419 6461 3320 31204
ASPATH: 13237 3320 1239 701 28513 14080 10620
ASPATH: 13237 3549 1239 22284 688 145 145
ASPATH: 13237 3549 16657 16657 16657 16657
ASPATH: 13237 3549 27065 1733 5803 5803 5803 5803 5803
ASPATH: 13237 3320 1239 3549 27065 1733 5803 5803 5803 5803 5803
ASPATH: 8468 1299 1239 19429
ASPATH: 8468 6453 3356 40627
ASPATH: 8468 6453 701 28513 14080 10620
ASPATH: 8468 1299 209 721 721 721 721 721 721 27064 1491 6006
ASPATH: 8468 1299 1239 27065 5803
ASPATH: 8468 6453 174 8402 24924
ASPATH: 8468 6453 8866
ASPATH: 8468 1299 12956 19114 27738
ASPATH: 8468 1299 3356 19029 32243
ASPATH: 8468 6453 1239 6762 27757 27738
ASPATH: 13237 3320 174 19445
ASPATH: 13237 174 19445
ASPATH: 13237 174
ASPATH: 13237 3320 1239 701 28513 14080 10620
ASPATH: 5511 1239 27065 27044 5800 5800 5800
ASPATH: 6067 286 6762 27757 27738
ASPATH: 6067 3549 174 19445
ASPATH: 6067 3356 1239 22284 688 145 145
ASPATH: 6067 174
ASPATH: 6067 6453 8866
ASPATH: 6067 3549 209 721 721 721 721 721 721 27064 1491 6006
ASPATH: 6067 286 3549 209 64 5691 5691
ASPATH: 6067 6453 1239 19429
ASPATH: 6067 3356 16657 16657 16657 16657
ASPATH: 6067 174 2914 9498 9583
ASPATH: 6067 286 3549 3786 17841 23577 23577 23577
ASPATH: 6067 174 8402 24924
ASPATH: 6067 3356 701 10240
ASPATH: 6067 3356 701 28513 14080 10620
ASPATH: 6067 6453 3549 27065 1733 5803 5803 5803 5803 5803
ASPATH: 6067 3356 7018
ASPATH: 5511 701 2914 9498 9583
ASPATH: 5511 701 3549 27065 1733 5803 5803 5803 5803 5803
ASPATH: 13237 3549 1239 6762 27757 27738
ASPATH: 29636 2914 3356 6517 36356
ASPATH: 13237 13189 42823
ASPATH: 5511 174 19445
ASPATH: 29636 8001
ASPATH: 5511 7018 23520 27696 27696 27696 27696
ASPATH: 5511 3320 4761 18156
ASPATH: 5511 3257 9070 25374
ASPATH: 5511 702 9070 25374
ASPATH: 5511 702 9070 25374
ASPATH: 13237 9070 25374
ASPATH: 13237 9070 25374
ASPATH: 13237 9070 25374
ASPATH: 13237 702 9070 25374
ASPATH: 13237 9070 25374
ASPATH: 13237 9070 25374
ASPATH: 13237 702 9070 25374
ASPATH: 3257 8400 8866 25374
ASPATH: 3257 8400 8866 25374
ASPATH: 5511 702 9070 25374
ASPATH: 5511 1299 25374 25374
ASPATH: 5511 3257 9070 25374
ASPATH: 5511 6453 8866 25374
ASPATH: 5511 702 9070 25374
ASPATH: 5511 3257 9070 25374
ASPATH: 29636 3257 702 9070 25374
ASPATH: 29636 3257 8400 8866 25374
ASPATH: 29636 3257 702 9070 25374
ASPATH: 29636 2914 1299 25374
ASPATH: 29636 3257 1299 25374 25374
ASPATH: 29636 3257 1299 25374
ASPATH: 29636 3257 702 9070 25374
ASPATH: 29636 3257 8400 8866 25374
ASPATH: 29636 2914 1299 25374
ASPATH: 29636 3257 1239 27065 27044 5800 5800 5800
ASPATH: 29636 3257 174 20205 29884 29884
ASPATH: 29636 3257 702 9070 25374
ASPATH: 5511 702 9070 25374
ASPATH: 5511 702 9070 25374
ASPATH: 5511 702 9070 25374
ASPATH: 34245 174 6762 8055
ASPATH: 34245 174 8402 24924
ASPATH: 34245 3257 174
ASPATH: 34245 3257 174 20205 29884 29884
ASPATH: 34245 174 9070 25374
ASPATH: 34245 3257 8400 8866 25374
ASPATH: 3257 8400 8866 25374
ASPATH: 5511 6453 8866 25374
ASPATH: 5511 702 9070 25374
ASPATH: 5511 702 9070 25374
ASPATH: 29636 8359 6854 9198 31567
ASPATH: 5511 5617 34789
ASPATH: 13237 3320 209 600
ASPATH: 13237 4323 600 600
ASPATH: 13237 3320 209 600
ASPATH: 13237 4323 600 600
ASPATH: 13237 174 20205 29884 29884
ASPATH: 13237 174 20205 29884 29884
ASPATH: 29636 2914 702 8866 25374
ASPATH: 29636 2914 702 9070 25374
ASPATH: 29636 2914 1239 15081 29884
ASPATH: 29636 3257 702 9070 25374
ASPATH: 29636 3257 1239 27065 27044 5800 5800 5800
ASPATH: 29636 2914 1299 25374
ASPATH: 29636 3257 702 9070 25374
ASPATH: 29636 3257 702 9070 25374
ASPATH: 5511 5617 34789
ASPATH: 5511 5617 34789
ASPATH: 5511 3356 20804 34789
ASPATH: 286 3549 701 28513 14080 10620
ASPATH: 286 3549 7018
ASPATH: 286 3549 16657 16657 16657 16657
ASPATH: 286 3549 1239 19429
ASPATH: 286 209 6337 11268
ASPATH: 286 209 721 721 721 721 721 721 27064 1491 6006
ASPATH: 286 3549 1239 19398
ASPATH: 286 3549 209 7106
ASPATH: 286 3549 2914 9498 9583
ASPATH: 286 174
ASPATH: 286 3549 1239 27065 27044 5800 5800 5800
ASPATH: 286 3549 1239 22284 688 145 145
ASPATH: 286 3549 174 8402 24924
ASPATH: 286 3549 3786 17841 23577 23577 23577
ASPATH: 286 3549 701 10240
ASPATH: 286 3549 1239 27065 27065 27065 1733 5803 5803 5803 5803 5803
ASPATH: 286 3549 1239 6762 27757 27738
ASPATH: 286 174 19445
ASPATH: 286 702 9070 25374
ASPATH: 286 1299 25374
ASPATH: 286 1299 25374 25374
ASPATH: 29636 2914 702 9198 31567
ASPATH: 5511 702 25466 13189 13189 42823
ASPATH: 6762 2914 7019
ASPATH: 6762 2914 12731 34138
ASPATH: 29636 8001
ASPATH: 29636 2914 1239 27065 27044 5800 5800 5800
ASPATH: 13237 3320 1239 27065 27044 5800 5800 5800
ASPATH: 5400
ASPATH: 30844 3356 209 721 721 721 721 721 721 27064 1491 6006
ASPATH: 30844 3356 7018
ASPATH: 30844 3356 701 28513 14080 10620
ASPATH: 30844 3356 1239 22284 688 145 145
ASPATH: 30844 3356 1239 19429
ASPATH: 30844 3356 1239 27065 5803
ASPATH: 30844 3356 702 25466 13189 13189 42823
ASPATH: 30844 3356 1239 6762 27757 27738
ASPATH: 30844 3356 3561 16341
ASPATH: 30844 12713 3329 3329 3329 3329 3329 30850
ASPATH: 5511 702 8866
ASPATH: 5511 1239 27065 27044 5800 5800 5800
ASPATH: 15444
ASPATH: 29636 2914 1299 25374
ASPATH: 5511 702 9070 25374
ASPATH: 29636 2914 702 9070 25374
ASPATH: 29636 2914 1299 25374
ASPATH: 29636 3257 1299 25374
ASPATH: 39202 174 209 64 5691 5691
ASPATH: 39202 174 8359 6854 9198 31567
ASPATH: 39202 3257 1299 25374
ASPATH: 39202 3257 174
ASPATH: 39202 3257 702 9070 25374
ASPATH: 39202 174 1239 19429
ASPATH: 39202 174 701 28513 14080 10620
ASPATH: 39202 174 3549 8866 8866 8866
ASPATH: 39202 174 7018
ASPATH: 39202 174 5400
ASPATH: 39202 174 19445
ASPATH: 39202 174 6762 8055
ASPATH: 39202 3257 1299 8866 25374
ASPATH: 39202 174 1299 25374
ASPATH: 39202 174 1299 25374 25374
ASPATH: 39202 174 7018 23520 27696 27696 27696 27696
ASPATH: 39202 174 3549 27065 27065 27065 27044 5800 5800 5800
ASPATH: 39202 3257 1239 15081 29884
ASPATH: 5511 1299 25374
ASPATH: 13237 174
ASPATH: 29636 2914 6453 8866
ASPATH: 29636 3257 1299 25374
ASPATH: 13237 3320 1239 3549 27065 1733 5803 5803 5803 5803 5803
ASPATH: 29636 2914 1239 27065 27044 5800 5800 5800
ASPATH: 5511 2914 9498 9583
ASPATH: 29636 2914 9498 9583
ASPATH: 29636 2914 174
ASPATH: 29636 2914 702 8866
ASPATH: 2914 9498 9583
ASPATH: 5511 6453 8866 25374
ASPATH: 5511 702 9070 25374
ASPATH: 5511 701 7046
ASPATH: 5511 2914 9498 9583
ASPATH: 6762 209 64 5691 5691
ASPATH: 6762 702 3329 30850
ASPATH: 6762 1239 19429
ASPATH: 6762 6453 8866 25374
ASPATH: 6762 702 8866 25374
ASPATH: 6762 174
ASPATH: 6762 702 25466 13189 13189 42823
ASPATH: 6762 702 9070 25374
ASPATH: 6762 702 9070 25374
ASPATH: 6762 1239 3549 27065 27065 27065 27044 5800 5800 5800
ASPATH: 6762 701 702 8866
ASPATH: 6762 2914 9498 9583
ASPATH: 6762 701 32243
ASPATH: 6762 701 32243
ASPATH: 6762 174 20205 29884 29884
ASPATH: 6762 174 20205 29884 29884
ASPATH: 29636 3257 3549 25466 13189 13189 42823
ASPATH: 29636 2914 702 9070 25374
ASPATH: 2914 9498 9583
ASPATH: 5511 2914 9498 9583
ASPATH: 5511 174 10240 10240 10240 10240 10240 10240
ASPATH: 5511 702 9070 25374
ASPATH: 29636 2914 701 702 8866
ASPATH: 29636 8001
ASPATH: 8419 3356 701 28513 14080 10620
ASPATH: 8419 3356 174 19445
ASPATH: 8419 3356 702 9070 25374
ASPATH: 8419 6461 3320 31204
ASPATH: 8419 6461 6453 8866 25374
ASPATH: 8419 5413 702 701 1239 22284 688 145 145
ASPATH: 8419 6461 3549 25466 13189 13189 42823
ASPATH: 8419 6461 1299 8866 25374
ASPATH: 8419 5413 702 701 6762 27757 27738
ASPATH: 5511 3549 3329 30850
ASPATH: 13237 3549 1239 6762 27757 27738
ASPATH: 13237 3549 1239 6762 27757 27738
ASPATH: 29636 2914 701 32243
ASPATH: 5511 701 1239 27065 27044 5800 5800 5800
ASPATH: 6067 174 19445
ASPATH: 6067 6453 702 9070 25374
ASPATH: 6067 6453 702 9070 25374
ASPATH: 6067 3356 1239 15081 29884
ASPATH: 6067 286 3549 1239 22284 688 145 145
ASPATH: 6067 3549 8866 25374
ASPATH: 6067 3549 702 25466 13189 13189 42823
ASPATH: 6067 286 6453 8866
ASPATH: 6067 3356 1299 25374
ASPATH: 6067 3356 1239 27065 27044 5800 5800 5800
ASPATH: 6067 6453 8866 25374
ASPATH: 6067 3549 209 64 5691 5691
ASPATH: 6067 286 702 9198 31567
ASPATH: 6067 3549 2914 9498 9583
ASPATH: 6067 286 3549 1239 6762 27757 27738
ASPATH: 6067 6453 3549 27065 1733 5803 5803 5803 5803 5803
ASPATH: 6067 6453 701 28513 14080 10620
ASPATH: 8468 12713 12361 30850
ASPATH: 8468 1299 174 19445
ASPATH: 8468 6453 209 64 5691 5691
ASPATH: 8468 1299 701 28513 14080 10620
ASPATH: 8468 1299 1239 22483
ASPATH: 8468 6453 701 32243
ASPATH: 8468 1299 8866 25374
ASPATH: 8468 6453 702 8866
ASPATH: 8468 8359 6854 9198 31567
ASPATH: 8468 1299 702 9070 25374
ASPATH: 8468 6453 701 27696
ASPATH: 13237 3320 1239 3549 27065 27065 27065 27044 5800 5800 5800
ASPATH: 13237 3320 1239 15081 29884
ASPATH: 13237 174
ASPATH: 29636 2914 174
ASPATH: 29636 3257 3549 6517 36356
ASPATH: 5511 174 10240 10240 10240 10240 10240 10240
ASPATH: 2914 16467 36356 36356 36356 36356
ASPATH: 2914 16467 36356 36356 36356 36356
ASPATH: 29636 8001
ASPATH: 29636 3257 702 25466 13189 13189 42823
ASPATH: 1299 8866 25374
ASPATH: 5511 702 9070 25374
ASPATH: 5511 3549 8866 8866 8866
ASPATH: 5511 702 9070 25374
ASPATH: 5511 702 9070 25374
ASPATH: 5511 702 9070 25374
ASPATH: 5511 2914 3786 3786 17841 23577 23577 23577
ASPATH: 29636 2914 3786 3786 17841 23577 23577 23577
ASPATH: 5511 3549 8400 8866
ASPATH: 2914 3786 3786 17841 23577 23577 23577
ASPATH: 2914 3786 3786 17841 23577 23577 23577
ASPATH: 5511 2914 3786 3786 17841 23577 23577 23577
ASPATH: 29636 2914 3549 8400 8866
ASPATH: 34245 12713 12361 30850
ASPATH: 34245 3257 701 174
ASPATH: 34245 3257 1239 15081 29884
ASPATH: 34245 3257 702 9070 25374
ASPATH: 34245 3257 702 9070 25374
ASPATH: 34245 3257 174 20205 29884 29884
ASPATH: 34245 3257 6453 8866 25374
ASPATH: 5511 702 702 9070 25374
ASPATH: 29636 3257 3549 25466 13189 13189 42823
ASPATH: 29636 3257 174 20205 29884 29884
ASPATH: 29636 3257 1299 8866 25374
ASPATH: 5511 3356 40627
ASPATH: 5511 3356 40627
ASPATH: 29636 12713 3329 3329 3329 3329 3329 30850
ASPATH: 13237 5588 5588 5606 35002 39107
ASPATH: 29636 5588 5606 35002 39107
ASPATH: 29636 2914 174 8400 8866
ASPATH: 29636 3257 3549 25466 13189 13189 42823
ASPATH: 29636 3257 174 20205 29884 29884
ASPATH: 286 209 7106
ASPATH: 286 209 64 5691 5691
ASPATH: 286 1299 8866 25374
ASPATH: 286 3549 2914 9498 9583
ASPATH: 286 174 19445
ASPATH: 286 702 3329 30850
ASPATH: 286 3549 174
ASPATH: 286 3549 3549 8866 8866 8866
ASPATH: 286 6453 8866 25374
ASPATH: 286 3549 174 10240 10240 10240 10240 10240 10240
ASPATH: 286 3549 1239 15081 29884
ASPATH: 286 3549 1239 27065 27044 5800 5800 5800
ASPATH: 286 702 9070 25374
ASPATH: 286 3549 701 702 25466 13189 13189 42823
ASPATH: 5511 702 702 9070 25374
ASPATH: 29636 8001
ASPATH: 5511 702 702 9070 25374
ASPATH: 5511 702 702 9070 25374
ASPATH: 5511 3549 25466 13189 13189 42823
ASPATH: 5511 3549 25466 13189 13189 42823
ASPATH: 5511 3549 8400 8866
ASPATH: 6762 286 29259
ASPATH: 6762 3549 12731 34138
ASPATH: 29636 2914 1239 27065 5801
ASPATH: 29636 8001
ASPATH: 3356 3356 3356 3356 3356 5588 5588 8246 43695 43695
ASPATH: 3356 3356 3356 3356 3356 5588 5588 8246 43695 43695
ASPATH: 5400
ASPATH: 30844 3356 1299 25374
ASPATH: 30844 3356 174 19445
ASPATH: 30844 3356 702 9070 25374
ASPATH: 30844 3356 702 8866 25374
ASPATH: 30844 16341 16341
ASPATH: 13237 3320 1239 27065 5801
ASPATH: 5511 702 8866 25374
ASPATH: 13237 2516 9370 38043
ASPATH: 5511 702 8866 25374
ASPATH: 39202 174 2914 9498 9583
ASPATH: 39202 174 10240 10240 10240 10240 10240 10240
ASPATH: 39202 174 3786 17841 23577 23577 23577
ASPATH: 39202 174 8400 8866
ASPATH: 5511 12479
ASPATH: 39202 12713 3329 3329 3329 3329 3329 30850
ASPATH: 39202 174 3356 40627
ASPATH: 39202 174 6762 8055
ASPATH: 39202 3257 3356 35002 39107
ASPATH: 39202 3257 702 9070 25374
ASPATH: 39202 174
ASPATH: 5511 174 8400 8866
ASPATH: 39202 174 3549 8866 25374
ASPATH: 39202 174 7018 23520 27696 27696 27696 27696
ASPATH: 13237 702 8866 25374
ASPATH: 39202 174 3549 3216 9198 31567
ASPATH: 29636 2914 702 9070 25374
ASPATH: 39202 3257 702 9070 25374
ASPATH: 13237 702 8866 25374
ASPATH: 29636 2914 702 8866 25374
ASPATH: 39202 174 1239 15081 29884
ASPATH: 29636 2914 702 9198 31567
ASPATH: 39202 174 6453 8866 25374
ASPATH: 13237 3320 702 9070 25374
ASPATH: 29636 2914 702 9070 25374
ASPATH: 39202 3257 702 8866 25374
ASPATH: 29636 2914 702 8866 25374
ASPATH: 29636 2914 702 8400 8866
ASPATH: 13237 3320 702 9070 25374
ASPATH: 29636 2914 6453 8866 25374
ASPATH: 13237 3320 702 9070 25374
ASPATH: 13237 9070 25374
ASPATH: 5511 3257 9070 25374
ASPATH: 3257 9070 25374
ASPATH: 29636 2914 3257 9070 25374
ASPATH: 13237 9070 25374
ASPATH: 5511 3257 9070 25374
ASPATH: 3257 9070 25374
ASPATH: 3257 9070 25374
ASPATH: 13237 9070 25374
ASPATH: 13237 9070 25374
ASPATH: 29636 2914 702 25466 13189 13189 42823
ASPATH: 29636 3257 702 8866 25374
ASPATH: 29636 3257 3549 8866 25374
ASPATH: 29636 3257 9070 25374
ASPATH: 29636 2914 3320 31204 8474
ASPATH: 29636 3257 9070 25374
ASPATH: 29636 3257 9070 25374
ASPATH: 29636 3257 9070 25374
ASPATH: 5511 3257 9070 25374
ASPATH: 3257 9070 25374
ASPATH: 5511 3257 9070 25374
ASPATH: 29636 2914 3257 9070 25374
ASPATH: 5511 3257 9070 25374
ASPATH: 29636 2914 3257 9070 25374
ASPATH: 5511 3257 9070 25374
ASPATH: 29636 2914 3356 40627
ASPATH: 29636 2914 1239 27065 5801
ASPATH: 13237 3320 1239 27065 5801
ASPATH: 5511 3257 9070 25374
ASPATH: 5511 3257 9070 25374
ASPATH: 5511 3257 9070 25374
ASPATH: 29636 2914 174
ASPATH: 3257 9070 25374
ASPATH: 29636 8001
ASPATH: 6762 6453 8866 25374
ASPATH: 6762 174 20205 29884 29884
ASPATH: 6762 9498 9583
ASPATH: 5511 2914 9498 9583
ASPATH: 6762 1239 15081 29884
ASPATH: 6762 8400 8866
ASPATH: 6762 2914 3786 3786 17841 23577 23577 23577
ASPATH: 6762 1239 27065 5801
ASPATH: 6762 3356 40627
ASPATH: 6762 174 21013 39555
ASPATH: 6762 6830 16221
ASPATH: 6762 6830 8514 29677
ASPATH: 6762 701 702 9198 31567
ASPATH: 6762 209 7106
ASPATH: 6762 3257 9070 25374
ASPATH: 29636 2914 701 702 9198 31567
ASPATH: 5511 2914 9498 9583
ASPATH: 13237 3549 8866 25374
ASPATH: 13237 3320 702 8866 25374
ASPATH: 8419 5588 5606 35002 39107
ASPATH: 8419 6461 5511 12479
ASPATH: 8419 6461 3257 9070 25374
ASPATH: 8419 6461 6453 8866 25374
ASPATH: 8419 6461 1239 15081 29884
ASPATH: 8419 6461 701 32243
ASPATH: 8419 6461 174
ASPATH: 8419 3356 702 25466 13189 13189 42823
ASPATH: 8419 6461 4323 2711
ASPATH: 8419 5413 702 1239 27065 27044 5800 5800 5800
ASPATH: 8419 6461 3257 9070 25374
ASPATH: 29636 2914 6453 8866 25374
ASPATH: 29636 3257 1299 8866 25374
ASPATH: 29636 3257 6453 8866 25374
ASPATH: 29636 3257 9070 25374
ASPATH: 29636 2914 701 28513 8151
ASPATH: 6067 3356 1239 15081 29884
ASPATH: 6067 3356 5511 12479
ASPATH: 6067 8468 8764 30721 9051
ASPATH: 6067 6453 2914 9498 9583
ASPATH: 6067 174 10240 10240 10240 10240 10240 10240
ASPATH: 6067 3356 40627
ASPATH: 6067 286 3549 1239 27065 27044 5800 5800 5800
ASPATH: 6067 3356 702 8866 25374
ASPATH: 6067 286 1299 25374
ASPATH: 6067 3549 25466 13189 13189 42823
ASPATH: 6067 3549 1299 8866 25374
ASPATH: 6067 6453 1299 8866 25374
ASPATH: 6067 174 8400 8866
ASPATH: 6067 3549 3786 17841 23577 23577 23577
ASPATH: 13237 3549 3786 17841 23577 23577 23577
ASPATH: 13237 3320 702 8866 25374
ASPATH: 5511 1239 27065 27065 27065 1733 5801 5801 5801 5801
ASPATH: 5511 1239 27065 5801
ASPATH: 5511 3549 27065 1733 5801 5801 5801 5801
ASPATH: 8468 1299 174
ASPATH: 8468 1299 293 11678
ASPATH: 8468 8764 30721 9051
ASPATH: 8468 9070 25374
ASPATH: 8468 8400 8866
ASPATH: 8468 6453 702 9198 31567
ASPATH: 8468 6453 2914 3786 3786 17841 23577 23577 23577
ASPATH: 8468 6453 701 11926
ASPATH: 8468 5588 5606 35002 39107
ASPATH: 8468 6453 2914 9498 9583
ASPATH: 8468 12713 3329 3329 3329 3329 3329 30850
ASPATH: 8468 6453 8866 25374
ASPATH: 8468 1299 702 25466 13189 13189 42823
ASPATH: 8468 1299 702 8866 25374
ASPATH: 29636 3257 1239 27065 5801
ASPATH: 13237 174 20205 29884 29884
ASPATH: 5413 25346
ASPATH: 29636 8001
ASPATH: 5511 701 2914 9498 9583
ASPATH: 5511 6453 8866 25374
ASPATH: 29636 3257 1239 27065 5801
ASPATH: 29636 3257 6453 8866 25374
ASPATH: 13237 1299 8866 25374
ASPATH: 5511 1299 8866 25374
ASPATH: 34245 12713 3329 3329 3329 3329 3329 30850
ASPATH: 3257 8400 8866 25374
ASPATH: 9002 43268 43521
ASPATH: 29636 9002 43268 43521
ASPATH: 13237 9002 43268 43521
ASPATH: 5511 3356 9002 43268 43521
ASPATH: 34245 5588 5606 35002 39107
ASPATH: 9002 12389 9198 31567
ASPATH: 29636 2914 8928 12389 9198 31567
ASPATH: 13237 9002 43268 43521
ASPATH: 5511 3356 9002 43268 43521
ASPATH: 34245 174 8928 5483 31204 31204 31204 8474
ASPATH: 29636 9002 9002 12389 9198 31567
ASPATH: 13237 702 8866 25374
ASPATH: 5511 3549 9002 12389 9198 31567
ASPATH: 34245 3257 9070 25374
ASPATH: 13237 8928 12389 9198 31567
ASPATH: 34245 3257 9070 25374
ASPATH: 34245 3257 9070 25374
ASPATH: 34245 3257 174
ASPATH: 34245 174 5511 12479
ASPATH: 34245 9002 43268 43521
ASPATH: 34245 3257 174 20205 29884 29884
ASPATH: 34245 9002 9002 12389 9198 31567
ASPATH: 13237 3549 27065 1733 5801 5801 5801 5801
ASPATH: 13237 3320 5511 12479
ASPATH: 5511 1299 8342 12389 9198 31567
ASPATH: 29636 2914 6453 8866 25374
ASPATH: 29636 3257 174 20205 29884 29884
ASPATH: 29636 2914 3549 27065 1733 5801 5801 5801 5801
ASPATH: 8342 12389 9198 31567
ASPATH: 29636 2914 1239 27065 27044 5801 5801 5801
ASPATH: 5511 1239 27065 27044 5801 5801 5801
ASPATH: 3356 5400
ASPATH: 3356 5400
ASPATH: 3356 9002 43268 43521
ASPATH: 3356 9002 43268 43521
ASPATH: 3356 8400 8866 25374
ASPATH: 3356 8400 8866 25374
ASPATH: 3356 3356 3356 3356 3356 5588 8246 43695 43695
ASPATH: 3356 3356 3356 3356 3356 5588 8246 43695 43695
ASPATH: 286 8928 5483 31204 31204 31204 8474
ASPATH: 286 3257 8400 8866 25374
ASPATH: 286 3257 9070 25374
ASPATH: 286 209 7106
ASPATH: 286 702 25466 13189 13189 42823
ASPATH: 286 9002 43268 43521
ASPATH: 286 3549 3549 27065 1733 5801 5801 5801 5801
ASPATH: 286 3549 209 64 5691 5691
ASPATH: 286 6762 8400 8866
ASPATH: 286 3549 701 28513 8151
ASPATH: 286 3549 3786 17841 23577 23577 23577
ASPATH: 286 174
ASPATH: 286 3549 701 702 9198 31567
ASPATH: 286 6453 8866 25374
ASPATH: 286 174 20205 29884 29884
ASPATH: 29636 8001
ASPATH: 6762 2914 7019
ASPATH: 6762 2914 12731 34138
ASPATH: 5511 3356 40627
ASPATH: 29636 2914 5511 12479
ASPATH: 5400
ASPATH: 2914 9299 7491 7491 7491 7491 7491 7491 7491
ASPATH: 2914 9299 7491 7491 7491 7491 7491 7491 7491
ASPATH: 13237 1299 577
ASPATH: 5511 6453 15557 39847
ASPATH: 29636 2914 1239 27065 27044 5801 5801 5801
ASPATH: 30844 3356 702 9070 25374
ASPATH: 13237 3320 6453 15557 39847
ASPATH: 5511 3561 577
ASPATH: 29636 6461 15557 39847
ASPATH: 30844 3356 3549 8866 25374
ASPATH: 13237 3320 3561 577
ASPATH: 29636 6461 577
ASPATH: 30844 3356 40627
ASPATH: 13237 15557 39847
ASPATH: 29636 2914 6453 15557 39847
ASPATH: 30844 3356 5588 5588 8246 43695 43695
ASPATH: 29636 2914 3561 577
ASPATH: 30844 9002 43268 43521
ASPATH: 30844 8359 6854 9198 31567
ASPATH: 30844 12713 12361 30850
ASPATH: 5511 1239 27065 27044 5801 5801 5801
ASPATH: 5511 1299 25374
ASPATH: 13237 3320 3561 577
ASPATH: 29636 2914 1299 25374
ASPATH: 5511 6453 8866 25374
ASPATH: 39202 174 701 10240
ASPATH: 39202 9002 9002 12389 9198 31567
ASPATH: 39202 174 8400 8866 25374
ASPATH: 39202 3257 1299 8866 25374
ASPATH: 39202 3257 9070 25374
ASPATH: 39202 9002 43268 43521
ASPATH: 39202 174 20205 29884 29884
ASPATH: 39202 174 9070 25374
ASPATH: 39202 174 209 64 5691 5691
ASPATH: 39202 174 5511 12479
ASPATH: 39202 174 3549 27065 27065 27065 5801
ASPATH: 39202 3257 3561 3561 577
ASPATH: 5511 174 10240 10240 10240 10240 10240 10240
ASPATH: 2914 9299 7491 7491 7491 7491 7491 7491 7491
ASPATH: 2914 9299 7491 7491 7491 7491 7491 7491 7491
ASPATH: 13237 702 8866 25374
ASPATH: 13237 3320 1239 5511 12479
ASPATH: 5511 6762 33783
ASPATH: 29636 2914 702 9070 25374
ASPATH: 29636 2914 702 8866 25374
ASPATH: 29636 2914 702 9070 25374
ASPATH: 5511 174 10240 10240 10240 10240 10240 10240
ASPATH: 5511 6453 577
ASPATH: 29636 2914 6453 577
ASPATH: 29636 2914 1239 577
ASPATH: 29636 2914 1239 22284 688 145 145
ASPATH: 13237 702 9198 31567
ASPATH: 15444
ASPATH: 6067 6453 3320 31204 8474
ASPATH: 6067 3549 577
ASPATH: 6067 3549 1299 25374
ASPATH: 6067 286 209 64 5691 5691
ASPATH: 6067 6453 8866 25374
ASPATH: 6067 174 8400 8866 25374
ASPATH: 6067 6453 1239 27065 5801
ASPATH: 6067 5588 5606 35002 47505 47505
ASPATH: 6067 3356 5511 12479
ASPATH: 6067 9002 43268 43521
ASPATH: 6067 6830 6746 8751 47505
ASPATH: 6067 3356 701 10240
ASPATH: 6067 3549 1239 22284 688 145 145
ASPATH: 6067 286 3549 2914 9498 9583
ASPATH: 6067 8468 9070 25374
ASPATH: 6067 8468 9070 25374
ASPATH: 6067 9002 9002 12389 9198 31567
ASPATH: 6067 3549 6453 15557 39847
ASPATH: 6067 174 20205 29884 29884
ASPATH: 5511 701 28513 8151
ASPATH: 29636 2914 6453 577
ASPATH: 29636 2914 6453 15557 39847
ASPATH: 29636 2914 3356 40627
ASPATH: 6762 12361 30850
ASPATH: 6762 209 7106
ASPATH: 6762 8400 8866 25374
ASPATH: 6762 3356 9002 43268 43521
ASPATH: 6762 1239 27065 27044 5801 5801 5801
ASPATH: 6762 1239 5511 12479
ASPATH: 6762 702 9070 25374
ASPATH: 6762 6453 577
ASPATH: 6762 3356 40627
ASPATH: 6762 702 9070 25374
ASPATH: 6762 1299 25374
ASPATH: 6762 5511 33783
ASPATH: 6762 5511 33783
ASPATH: 6762 6453 15557 39847
ASPATH: 6762 701 28513 8151
ASPATH: 6762 701 20205 29884 29884
ASPATH: 6762 701 28513 8151
ASPATH: 6762 701 20205 29884 29884
ASPATH: 6762 3549 9002 12389 9198 31567
ASPATH: 6762 174 20205 29884 29884
ASPATH: 6762 174 20205 29884 29884
ASPATH: 29636 2914 174 8751 47505
ASPATH: 29636 8001
ASPATH: 5511 701 209 64 5691 5691
ASPATH: 5511 1239 22284 688 145 145
ASPATH: 8419 3356 5511 12479
ASPATH: 8419 8359 6854 9198 31567
ASPATH: 8419 6461 174
ASPATH: 8419 3356 1299 5483 31204 31204 31204 8474
ASPATH: 8419 3356 1239 15081 29884
ASPATH: 8419 9002 43268 43521
ASPATH: 8419 5413 702 701 1239 27065 27044 5800 5800 5800
ASPATH: 8419 3356 5400
ASPATH: 8419 3356 1239 27065 27044 5801 5801 5801
ASPATH: 8419 3356 3257 9070 25374
ASPATH: 8419 6461 577
ASPATH: 8419 6461 174 8751 47505
ASPATH: 8419 6461 1299 25374
ASPATH: 8419 5413 701 209 7106
ASPATH: 13237 15557 39847
ASPATH: 5511 6762 12361 30850
ASPATH: 13237 3549 1239 22284 688 145 145
ASPATH: 13237 3320 1239 27065 27044 5801 5801 5801
ASPATH: 5511 17927 3491 4761 18156
ASPATH: 5511 1239 27065 27044 5801 5801 5801
ASPATH: 8468 1299 3549 25466 13189 13189 42823
ASPATH: 8468 6453 701 28513 8151
ASPATH: 8468 1299 577
ASPATH: 8468 12713 12361 30850
ASPATH: 8468 1299 1239 27065 27044 5801 5801 5801
ASPATH: 8468 8400 8866 25374
ASPATH: 8468 1299 8866 25374
ASPATH: 8468 6453 3356 40627
ASPATH: 8468 3216 9198 31567
ASPATH: 8468 6453 1239 22284 688 145 145
ASPATH: 8468 6453 15557 39847
ASPATH: 8468 6453 5511 12479
ASPATH: 8468 9002 43268 43521
ASPATH: 8468 15557 39847
ASPATH: 13237 15557 39847
ASPATH: 29636 2914 3549 12111
ASPATH: 29636 2914 577
ASPATH: 2914 3549 12111
ASPATH: 2914 3549 12111
ASPATH: 5511 1239 5588 5606 35002 47505 47505
ASPATH: 5511 6830 6746 8751 47505
ASPATH: 5511 174 10240 10240 10240 10240 10240 10240
ASPATH: 5511 174 8751 47505
ASPATH: 5511 174 8751 47505
ASPATH: 2914 3549 12111
ASPATH: 29636 8001
ASPATH: 5511 5617 34789
ASPATH: 5511 6453 15557 39847
ASPATH: 1299 25374 25374
ASPATH: 1299 25374
ASPATH: 1299 8866 25374
ASPATH: 1299 8342 12389 9198 31567
ASPATH: 5511 5617 34789
ASPATH: 5511 5617 34789
ASPATH: 5511 3356 20804 34789
ASPATH: 13237 3549 4323 7545
ASPATH: 29636 3257 4323 7545
ASPATH: 5511 702 9198 31567
ASPATH: 13237 3320 5511 33783
ASPATH: 13237 3320 5511 33783
ASPATH: 29636 12713 12361 30850
ASPATH: 29636 2914 174 8751 47505
ASPATH: 13237 174 8751 47505
ASPATH: 29636 3257 6453 577
ASPATH: 29636 2914 1239 4323 7545
ASPATH: 34245 12713 12361 30850
ASPATH: 34245 3257 10026 10026 7491
ASPATH: 34245 3216 9198 31567
ASPATH: 34245 174 5511 3215 42795
ASPATH: 34245 15557 39847
ASPATH: 34245 3257 6453 4755 18231
ASPATH: 13237 3320 6453 577
ASPATH: 5511 3356 5056
ASPATH: 5511 3356 5056
ASPATH: 13237 3320 6453 577
ASPATH: 5511 6453 15557 39847
ASPATH: 5511 6830 6746 8751 47505
ASPATH: 5511 3356 35002 47505 47505
ASPATH: 13237 3320 3356 35002 39107
ASPATH: 29636 2914 3356 35002 39107
ASPATH: 29636 3257 6453 577
ASPATH: 286 3549 1239 22284 688 145 145
ASPATH: 286 174 20205 29884 29884
ASPATH: 286 3549 701 28513 8151
ASPATH: 286 702 9198 31567
ASPATH: 286 12713 12361 30850
ASPATH: 286 3549 209 7106
ASPATH: 286 3549 5511 12479
ASPATH: 286 3549 3356 40627
ASPATH: 286 6453 15557 39847
ASPATH: 286 3549 3549 27065 27065 27065 27044 5801 5801 5801
ASPATH: 286 6830 6746 8751 47505
ASPATH: 286 3549 577
ASPATH: 286 3549 701 10240
ASPATH: 286 3549 174 8751 47505
ASPATH: 29636 8001
ASPATH: 29636 6461 174 8751 47505
ASPATH: 29636 2914 3320 5483 8751 47505
ASPATH: 13237 5588 5606 35002 47505 47505
ASPATH: 13237 6830 6746 8751 47505
ASPATH: 13237 3320 3356 5056
ASPATH: 29636 8001
ASPATH: 6762 286 29259
ASPATH: 6762 3549 12731 34138
ASPATH: 6762 6175 17715 6435 6435 6939 12111
ASPATH: 29636 2914 5511 33783
ASPATH: 29636 2914 5511 3215 42795
ASPATH: 29636 2914 5511 33783
ASPATH: 5511 5400
ASPATH: 29636 2914 1239 4323 7545
ASPATH: 29636 2914 1239 27065 5803
ASPATH: 29636 2914 1239 5056
ASPATH: 29636 2914 1239 22284 688 145 145
ASPATH: 29636 2914 1239 19398
ASPATH: 29636 2914 1239 721 27064 1491 6006
ASPATH: 13237 3320 6762 33783
ASPATH: 29636 2914 577
ASPATH: 5400
ASPATH: 30844 3356 3561 16341
ASPATH: 30844 3356 8400 8866 25374
ASPATH: 30844 3356 1299 25374
ASPATH: 30844 3356 702 8866 25374
ASPATH: 30844 3356 40627
ASPATH: 30844 3356 5400
ASPATH: 30844 3356 1299 5483 31204 31204 31204 8474
ASPATH: 30844 3356 5588 8246 43695 43695
ASPATH: 30844 3356 3561 577
ASPATH: 30844 3356 1239 27065 27044 5801 5801 5801
ASPATH: 30844 15557 39847
ASPATH: 5511 3215 42795
ASPATH: 29636 2914 5511 3215 42795
ASPATH: 5511 33783
ASPATH: 5511 33783
ASPATH: 19151 13680 32400
ASPATH: 39202 12713 12361 30850
ASPATH: 29636 2914 5511 33783
ASPATH: 13237 3320 5511 33783
ASPATH: 39202 3257 701 10240
ASPATH: 29636 2914 5511 33783
ASPATH: 39202 174 15557 15557 39847
ASPATH: 39202 8359 6854 9198 31567
ASPATH: 13237 3320 5511 33783
ASPATH: 39202 174 3356 40627
ASPATH: 13237 3320 1239 27065 5803
ASPATH: 39202 3257 3356 5056
ASPATH: 39202 174 3356 35002 39107
ASPATH: 39202 174 6762 8400 8866
ASPATH: 39202 174 1239 22284 688 145 145
ASPATH: 39202 174 5511 3215 42795
ASPATH: 39202 174 1239 721 27064 1491 6006
ASPATH: 39202 174 5511 33783
ASPATH: 39202 174 5511 33783
ASPATH: 39202 174 577
ASPATH: 5511 1239 721 721 721 721 721 721 27064 1491 6006
ASPATH: 39202 3257 1239 27065 27044 5801 5801 5801
ASPATH: 39202 174 1239 4323 7545
ASPATH: 13237 702 9198 31567
ASPATH: 39202 3257 3356 35002 47505 47505
ASPATH: 39202 174 6830 6746 8751 47505
ASPATH: 6067 3356 1239 721 27064 1491 6006
ASPATH: 6067 3356 1239 27065 27044 5801 5801 5801
ASPATH: 6067 3356 5056
ASPATH: 6067 174 5511 12479
ASPATH: 6067 3356 40627
ASPATH: 6067 6453 577
ASPATH: 6067 174 4323 7545
ASPATH: 6067 15557 39847
ASPATH: 6067 174 209 64 5691 5691
ASPATH: 6067 6453 1239 22284 688 145 145
ASPATH: 6067 3549 1299 25374
ASPATH: 13237 3320 1239 5511 12479
ASPATH: 29636 2914 9498 9583
ASPATH: 5511 2914 9498 9583
ASPATH: 5511 701 7046
ASPATH: 2914 9498 9583
ASPATH: 2914 9498 9583
ASPATH: 5511 2914 9498 9583
ASPATH: 29636 2914 1239 4323 7545
ASPATH: 29636 2914 3356 5056
ASPATH: 29636 2914 1239 27065 5803
ASPATH: 29636 2914 1239 721 721 721 721 721 721 27064 1491 6006
ASPATH: 29636 2914 1239 19398
ASPATH: 6762 701 28513 8151
ASPATH: 6762 5511 33783
ASPATH: 6762 5511 33783
ASPATH: 6762 701 20205 29884 29884
ASPATH: 6762 5511 3215 42795
ASPATH: 6762 1239 4323 7545
ASPATH: 6762 1239 22284 688 145 145
ASPATH: 6762 3356 35002 47505 47505
ASPATH: 6762 3356 5056
ASPATH: 6762 1239 27065 5803
ASPATH: 6762 1239 721 721 721 721 721 721 27064 1491 6006
ASPATH: 6762 6830 16221
ASPATH: 6762 6830 8514 28848
ASPATH: 6762 577
ASPATH: 6762 6830 8514 29677
ASPATH: 6762 702 9198 31567
ASPATH: 6762 6830 6746 8751 47505
ASPATH: 6762 6453 4755 18231
ASPATH: 6762 702 8400 8866
ASPATH: 6762 2914 9498 9583
ASPATH: 5511 3257 9070 25374
ASPATH: 5511 702 9070 25374
ASPATH: 5511 702 9070 25374
ASPATH: 13237 9070 25374
ASPATH: 13237 9070 25374
ASPATH: 5511 209 64 5691 5691
ASPATH: 29636 2914 209 64 5691 5691
ASPATH: 13237 9070 25374
ASPATH: 13237 702 9070 25374
ASPATH: 13237 9070 25374
ASPATH: 13237 702 9070 25374
ASPATH: 13237 702 9070 25374
ASPATH: 29636 2914 702 9070 25374
ASPATH: 29636 2914 702 9070 25374
ASPATH: 29636 2914 702 9070 25374
ASPATH: 5511 3257 9070 25374
ASPATH: 5511 1299 25374 25374
ASPATH: 13237 3320 1239 721 721 721 721 721 721 27064 1491 6006
ASPATH: 3257 8400 8866 25374
ASPATH: 5511 3257 9070 25374
ASPATH: 5511 6453 8866 25374
ASPATH: 3257 8400 8866 25374
ASPATH: 5511 702 9070 25374
ASPATH: 5511 702 9070 25374
ASPATH: 3257 8400 8866 25374
ASPATH: 8419 3356 35002 39107
ASPATH: 8419 15557 39847
ASPATH: 8419 3356 5056
ASPATH: 8419 3356 702 9070 25374
ASPATH: 8419 6461 1299 25374 25374
ASPATH: 8419 6461 577
ASPATH: 8419 6461 4323 7545
ASPATH: 8419 5413 701 1239 22284 688 145 145
ASPATH: 8419 5413 702 5511 12479
ASPATH: 8419 3356 1239 721 27064 1491 6006
ASPATH: 8419 13680 32400
ASPATH: 8419 3356 3320 5483 8751 47505
ASPATH: 5511 702 9070 25374
ASPATH: 8419 6461 3257 9070 25374
ASPATH: 8419 3356 702 9070 25374
ASPATH: 8419 6461 3257 9070 25374
ASPATH: 8419 3356 702 9070 25374
ASPATH: 8419 6461 3257 9070 25374
ASPATH: 8419 6461 3257 9070 25374
ASPATH: 29636 2914 701 19398
ASPATH: 13237 3320 1239 27065 5803
ASPATH: 5511 3215 42795
ASPATH: 5511 6453 8866 25374
ASPATH: 5511 3356 22773 6298
ASPATH: 13237 1299 3356 22773 6298
ASPATH: 5511 3356 22773 6298
ASPATH: 29636 2914 3356 22773 6298
ASPATH: 13237 3320 3356 22773 6298
ASPATH: 29636 2914 702 9070 25374
ASPATH: 13237 3549 4323 7545
ASPATH: 13237 3549 5511 3215 42795
ASPATH: 13237 3549 1239 22284 688 145 145
ASPATH: 13237 3320 3356 22773 6298
ASPATH: 13237 3320 1239 4323 7545
ASPATH: 5511 1239 27065 5803
ASPATH: 13237 3320 3356 22773 6298
ASPATH: 5511 3549 27065 27065 27065 5803
ASPATH: 8468 1299 3356 35002 39107
ASPATH: 8468 6453 3356 40627
ASPATH: 8468 8400 8866 25374
ASPATH: 8468 6453 1239 721 27064 1491 6006
ASPATH: 8468 6453 6762 8400 8866
ASPATH: 8468 1299 6830 6746 8751 47505
ASPATH: 8468 6453 5511 33783
ASPATH: 8468 6453 5511 33783
ASPATH: 8468 1299 3257 9070 25374
ASPATH: 8468 1299 25374
ASPATH: 8468 1299 25374 25374
ASPATH: 8468 1299 1239 4323 7545
ASPATH: 29636 2914 3549 12111
ASPATH: 5511 6762 8400 8866
ASPATH: 5511 702 8400 8866
ASPATH: 29636 2914 3549 27065 27065 27065 5803
ASPATH: 29636 3257 1239 4323 7545
ASPATH: 29636 2914 22773 6298
ASPATH: 3356 5400
ASPATH: 3356 5400
ASPATH: 13237 11867 9443 24395 24395 24395 24395 24395 24395
ASPATH: 5511 701 3549 4323 7545
ASPATH: 5511 701 10240
ASPATH: 5511 174 8400 8866
ASPATH: 13237 3320 1239 3549 4323 7545
ASPATH: 29636 3257 4323 7545 9942 24395
ASPATH: 13237 3549 1239 721 721 721 721 721 721 27064 1491 6006
ASPATH: 29636 6461 4323 7545
ASPATH: 13237 174 8751 35797
ASPATH: 29636 3257 6453 7545 7545 7545 9942 24395
ASPATH: 34245 3257 3356 5056
ASPATH: 34245 174 3356 35002 39107
ASPATH: 34245 174 5511 3215 42795
ASPATH: 34245 174 1299 25374
ASPATH: 34245 174 1239 4323 7545
ASPATH: 34245 3257 1299 25374 25374
ASPATH: 34245 3257 702 9070 25374
ASPATH: 34245 3257 3549 27065 27065 27065 5803
ASPATH: 34245 3257 6453 7545 7545 7545 9942 24395
ASPATH: 34245 3257 1299 25374
ASPATH: 5511 6453 4755 18231
ASPATH: 5511 6453 4755 18231
ASPATH: 13237 3320 1239 3549 27065 27065 27065 5803
ASPATH: 5511 3356 5056
ASPATH: 5511 3356 5056
ASPATH: 5511 701 3549 27065 27065 27065 5803
ASPATH: 13237 3320 6453 4755 18231
ASPATH: 5511 702 8400 8866
ASPATH: 9002 20485 21127 43648
ASPATH: 13237 9002 20485 21127 43648
ASPATH: 29636 9002 20485 21127 43648
ASPATH: 13237 9002 20485 21127 43648
ASPATH: 2914 3549 12111
ASPATH: 29636 8001
ASPATH: 286 22773 6298
ASPATH: 286 3257 8400 8866 25374
ASPATH: 286 209 7106
ASPATH: 286 209 64 5691 5691
ASPATH: 286 3549 577
ASPATH: 286 3549 2914 9498 9583
ASPATH: 286 702 8400 8866
ASPATH: 286 3549 6453 4755 18231
ASPATH: 286 3549 1239 19398
ASPATH: 286 3549 1239 721 721 721 721 721 721 27064 1491 6006
ASPATH: 286 3549 3356 40627
ASPATH: 286 3549 1239 5056
ASPATH: 286 3549 1239 4323 7545
ASPATH: 286 3549 1239 27065 5803
ASPATH: 286 3549 174 10240 10240 10240 10240 10240 10240
ASPATH: 286 5588 5606 35002 47505 47505
ASPATH: 286 702 9070 25374
ASPATH: 286 1299 25374
ASPATH: 286 1299 25374 25374
ASPATH: 286 9002 20485 21127 43648
ASPATH: 6830 6746 8751 47505
ASPATH: 6762 3549 12111
ASPATH: 5511 1299 20485 21127 43648
ASPATH: 29636 6461 12111 7018 7018 7018 1239 27065 5803
ASPATH: 2914 18084 18084 18084 9600
ASPATH: 13237 3320 3356 5056
ASPATH: 6939 2497 18084 18084 18084 9600
ASPATH: 29636 2914 1239 10333
ASPATH: 29636 2914 1239 5056
ASPATH: 13237 20485 21127 43648
ASPATH: 5511 1273 20485 21127 43648
ASPATH: 2914 20485 21127 43648
ASPATH: 6067 3356 5056
ASPATH: 6067 3549 209 64 5691 5691
ASPATH: 6067 286 6762 8400 8866
ASPATH: 6067 9002 20485 21127 43648
ASPATH: 6067 3356 22773 6298
ASPATH: 6067 174 4323 7545 9942 24395
ASPATH: 6067 286 3549 701 28513 8151
ASPATH: 6067 3549 2914 9498 9583
ASPATH: 6067 174 1239 721 27064 1491 6006
ASPATH: 6067 286 3549 4323 7545
ASPATH: 13237 3320 6453 4755 18231
ASPATH: 5511 701 19398
ASPATH: 2914 20485 21127 43648
ASPATH: 5511 702 702 8400 8866
ASPATH: 29636 2914 5511 33783
ASPATH: 29636 2914 6453 4755 18231
ASPATH: 29636 2914 5511 33783
ASPATH: 5400
ASPATH: 29636 2914 5511 3215 42795
ASPATH: 30844 12713 3329 3329 3329 3329 3329 30850
ASPATH: 30844 3356 5056
ASPATH: 30844 3356 1239 577
ASPATH: 30844 9002 20485 21127 43648
ASPATH: 30844 22773 6298
ASPATH: 29636 2914 1299 25374
ASPATH: 13237 3320 1239 10333
ASPATH: 39202 174 2914 9498 9583
ASPATH: 39202 174 701 10240
ASPATH: 39202 174 209 64 5691 5691
ASPATH: 39202 3257 3356 5056
ASPATH: 39202 174 5511 3215 42795
ASPATH: 39202 174 5511 33783
ASPATH: 39202 174 5511 33783
ASPATH: 39202 3257 1299 25374
ASPATH: 39202 3257 702 9070 25374
ASPATH: 39202 174 1299 25374
ASPATH: 39202 3257 6453 8866 25374
ASPATH: 39202 174 22773 6298
ASPATH: 39202 174 577
ASPATH: 39202 3257 6453 7545 7545 7545 9942 24395
ASPATH: 39202 174 3549 8400 8866
ASPATH: 39202 3257 174 8751 35797
ASPATH: 39202 3257 3356 35002 35797
ASPATH: 39202 3257 1299 25374 25374
ASPATH: 39202 174 1239 721 721 721 721 721 721 27064 1491 6006
ASPATH: 39202 174 3549 27065 27065 27065 5803
ASPATH: 39202 9002 20485 21127 43648
ASPATH: 29636 2914 702 9070 25374
ASPATH: 29636 2914 1299 25374 25374
ASPATH: 29636 2914 702 8866 25374
ASPATH: 29636 2914 702 9070 25374
ASPATH: 29636 2914 702 9070 25374
ASPATH: 29636 2914 702 8400 8866
ASPATH: 13237 702 8866 25374
ASPATH: 13237 702 9070 25374
ASPATH: 13237 3320 702 9070 25374
ASPATH: 29636 3257 6453 7545 7545 7545 9942 24395
ASPATH: 13237 3320 702 9070 25374
ASPATH: 13237 3320 702 9070 25374
ASPATH: 29636 2914 702 9070 25374
ASPATH: 29636 2914 702 8866 25374
ASPATH: 13237 3320 1239 3549 4323 7545
ASPATH: 5511 702 9070 25374
ASPATH: 5511 702 9070 25374
ASPATH: 5511 6453 8866 25374
ASPATH: 13237 3320 1239 3549 27065 27065 27065 5803
ASPATH: 5511 701 6453 4755 18231
ASPATH: 29636 8001
ASPATH: 29636 2914 6453 4755 18231
ASPATH: 29636 2914 3356 5056
ASPATH: 5511 701 1239 27065 5803
ASPATH: 5511 701 702 8400 8866
ASPATH: 6762 9498 9583
ASPATH: 6762 702 3329 30850
ASPATH: 6762 22773 6298
ASPATH: 6762 6453 8866 25374
ASPATH: 6762 702 8866 25374
ASPATH: 6762 3356 5056
ASPATH: 6762 2914 20485 21127 43648
ASPATH: 6762 209 64 5691 5691
ASPATH: 6762 702 9070 25374
ASPATH: 6762 701 702 9070 25374
ASPATH: 6762 1239 6453 4755 18231
ASPATH: 6762 1239 4323 7545 9942 24395
ASPATH: 6762 701 702 8400 8866
ASPATH: 6762 701 702 8400 8866
ASPATH: 6762 701 10333
ASPATH: 6762 701 19017
ASPATH: 29636 2914 174 8751 35797
ASPATH: 13237 3320 702 9070 25374
ASPATH: 5511 2914 9498 9583
ASPATH: 13237 8928 5483 8751 8751 8751 8751 35797
ASPATH: 13237 5588 5588 5606 35002 35797
ASPATH: 13237 5588 5606 35002 35797
ASPATH: 13237 3320 702 9070 25374
ASPATH: 29636 2914 701 702 9070 25374
ASPATH: 29636 2914 701 702 9070 25374
ASPATH: 29636 2914 701 702 9070 25374
ASPATH: 29636 2914 701 702 8400 8866
ASPATH: 13237 3320 1299 25374
ASPATH: 13237 3320 702 9070 25374
ASPATH: 13237 3320 702 9070 25374
ASPATH: 8419 6461 701 10333
ASPATH: 8419 6461 3356 5056
ASPATH: 8419 5413 1299 6453 4755 18231
ASPATH: 8419 5413 702 5511 33783
ASPATH: 8419 3356 702 9070 25374
ASPATH: 8419 6461 6453 8866 25374
ASPATH: 8419 3356 1299 25374
ASPATH: 8419 3356 22773 6298
ASPATH: 8419 5413 5400
ASPATH: 8419 5413 702 5511 33783
ASPATH: 8419 5413 701 3549 4323 7545
ASPATH: 8419 3356 1239 4323 7545 9942 24395
ASPATH: 8419 20485 21127 43648
ASPATH: 8419 6461 174 8751 35797
ASPATH: 8419 5413 702 701 1239 721 27064 1491 6006
ASPATH: 5511 3549 3329 30850
ASPATH: 13237 8928 5483 8751 8751 8751 8751 35797
ASPATH: 5511 702 9070 25374
ASPATH: 5511 2914 9498 9583
ASPATH: 13237 3320 1239 6453 4755 18231
ASPATH: 29636 2914 1239 19398
ASPATH: 5511 1239 19398
ASPATH: 5511 701 1239 4323 7545
ASPATH: 5511 3320 4761 18156
ASPATH: 29636 3491 23930 7491 7491 7491 7491 7491
ASPATH: 13237 3491 23930 7491 7491 7491 7491 7491
ASPATH: 15444
ASPATH: 5511 174 8751 47505
ASPATH: 29636 3491 9299 7491 7491 7491 7491 7491 7491 7491
ASPATH: 13237 3549 5511 3215 42795
ASPATH: 29636 2914 174 8751 47505
ASPATH: 5511 1239 10333
ASPATH: 5511 6453 7545 7545 7545 9942 24395
ASPATH: 13237 3320 5483 8751 35797
ASPATH: 3356 1273 20485 21127 43648
ASPATH: 3356 1273 20485 21127 43648
ASPATH: 29636 2914 3549 12111
ASPATH: 29636 2914 18084 18084 18084 9600
ASPATH: 5511 3356 35002 35797
ASPATH: 5511 174 8751 47505
ASPATH: 5511 3320 5483 8751 35797
ASPATH: 9002 13189 25473 25473 25473
ASPATH: 29636 8001
ASPATH: 2914 3549 25466 13189 13189 25473 25473
ASPATH: 2914 3549 12111
ASPATH: 8468 1299 3356 22773 6298
ASPATH: 8468 1299 3356 5056
ASPATH: 8468 20485 21127 43648
ASPATH: 8468 12713 12361 30850
ASPATH: 8468 6453 209 64 5691 5691
ASPATH: 8468 6453 2914 9498 9583
ASPATH: 8468 3491 23930 7491 7491 7491 7491 7491
ASPATH: 8468 1299 6453 4755 18231
ASPATH: 8468 1299 1239 4323 7545 9942 24395
ASPATH: 8468 6453 702 8400 8866
ASPATH: 8468 1299 5483 8751 35797
ASPATH: 8468 1299 702 9070 25374
ASPATH: 8468 6453 8866 25374
ASPATH: 8468 1299 702 8866 25374
ASPATH: 29636 2914 6453 8866
ASPATH: 1299 20485 21127 43648
ASPATH: 3257 3549 25466 13189 13189 25473 25473
ASPATH: 29636 3257 702 29408
ASPATH: 5511 6453 8866
ASPATH: 5511 3257 9070 25374
ASPATH: 3257 9070 25374
ASPATH: 13237 9070 25374
ASPATH: 13237 9070 25374
ASPATH: 5511 3257 9070 25374
ASPATH: 13237 9070 25374
ASPATH: 5413 25346
ASPATH: 5511 3257 9070 25374
ASPATH: 13237 9070 25374
ASPATH: 29636 2914 3257 9070 25374
ASPATH: 29636 2914 3356 6517 36356
ASPATH: 29636 2914 3257 9070 25374
ASPATH: 29636 2914 3320 5483 8751 35797
ASPATH: 29636 2914 3257 9070 9070 25374
ASPATH: 3257 9070 25374
ASPATH: 3257 9070 25374
ASPATH: 3257 9070 25374
ASPATH: 3257 8400 8866 25374
ASPATH: 5511 3257 9070 25374
ASPATH: 5511 3257 9070 25374
ASPATH: 5511 701 3549 4323 7545 9942 24395
ASPATH: 5511 701 2914 9498 9583
ASPATH: 3257 9070 25374
ASPATH: 5511 3257 9070 25374
ASPATH: 29636 2914 3257 9070 25374
ASPATH: 29636 2914 3257 9070 25374
ASPATH: 29636 2914 3257 9070 25374
ASPATH: 13237 174 8751 47505
ASPATH: 34245 15412 9299 7491 7491 7491 7491 7491 7491 7491
ASPATH: 34245 3257 3356 5056
ASPATH: 34245 174 701 10333
ASPATH: 34245 20485 21127 43648
ASPATH: 34245 12713 3329 3329 3329 3329 3329 30850
ASPATH: 34245 3257 9070 25374
ASPATH: 34245 3257 9070 25374
ASPATH: 34245 3257 9070 25374
ASPATH: 34245 3257 9070 25374
ASPATH: 34245 174 6453 7545 7545 7545 9942 24395
ASPATH: 29636 2914 174 8751 47505
ASPATH: 13237 3491 23930 7491 7491 7491 7491 7491
ASPATH: 13237 3491 23930 7491 7491 7491 7491 7491
ASPATH: 13237 15412 9299 7491 7491 7491 7491 7491 7491 7491
ASPATH: 13237 3491 9299 7491 7491 7491 7491 7491 7491 7491
ASPATH: 5511 3356 5056
ASPATH: 5511 6453 8866
ASPATH: 29636 12713 3329 3329 3329 3329 3329 30850
ASPATH: 29636 2914 6453 8866
ASPATH: 5511 3356 40627
ASPATH: 29636 5588 5606 35002 39107
ASPATH: 13237 5588 5588 5606 35002 39107
ASPATH: 13237 3320 3356 5056
ASPATH: 29636 6461 11867 9443 24395 24395 24395 24395 24395 24395
ASPATH: 286 1273 9498 24560
ASPATH: 286 3257 9070 25374
ASPATH: 286 209 5056 5056
ASPATH: 286 3549 1239 10333
ASPATH: 286 702 3329 30850
ASPATH: 286 3549 6453 8866
ASPATH: 286 3549 1239 4323 7545 9942 24395
ASPATH: 286 3549 1239 5056
ASPATH: 286 6453 8866 25374
ASPATH: 286 3549 701 10240
ASPATH: 286 5588 5606 35002 35797
ASPATH: 286 702 9070 25374
ASPATH: 286 174 8751 47505
ASPATH: 286 3549 174 8751 35797
ASPATH: 29636 8359 6854 9198 31567
ASPATH: 6067 286 3549 1239 4323 7545
ASPATH: 6067 286 3549 1239 27065 5803
ASPATH: 6067 3356 5056
ASPATH: 6067 3356 702 8866 25374
ASPATH: 6067 6453 8866
ASPATH: 6067 6453 702 8866 25374
ASPATH: 6067 174 9299 7491 7491 7491 7491 7491 7491 7491
ASPATH: 6067 5588 5606 35002 35797
ASPATH: 6067 3549 3257 9070 25374
ASPATH: 6067 3549 3257 9070 25374
ASPATH: 6067 3549 174 8751 47505
ASPATH: 6067 286 3549 1239 721 721 721 721 721 721 27064 1491 6006
ASPATH: 6067 6453 2914 9498 9583
ASPATH: 6067 3549 8866 25374
ASPATH: 6067 286 1299 25374
ASPATH: 6067 286 3549 4323 7545 9942 24395
ASPATH: 6067 286 3549 6453 4755 18231
ASPATH: 6067 286 174 8751 35797
ASPATH: 6067 3549 8400 8866 25374
ASPATH: 6067 3549 3216 9198 31567
ASPATH: 29636 2914 1785 13976
ASPATH: 6762 286 29259
ASPATH: 6762 3549 12731 34138
ASPATH: 6762 3549 12111
ASPATH: 6762 3549 25466 13189 13189 25473 25473 25473
ASPATH: 5511 5400
ASPATH: 2914 1785 13976
ASPATH: 2914 1785 13976
ASPATH: 29636 2914 6453 8866
ASPATH: 29636 2914 1239 5056
ASPATH: 29636 2914 1239 19398
ASPATH: 5400
ASPATH: 30844 3356 1299 25374
ASPATH: 30844 3356 702 9070 25374
ASPATH: 30844 3356 702 8866 25374
ASPATH: 30844 16341 16341
ASPATH: 30844 3356 3549 5400
ASPATH: 30844 3356 5056
ASPATH: 30844 3491 9299 7491 7491 7491 7491 7491 7491 7491
ASPATH: 30844 8359 12389 9198 31567
ASPATH: 5511 1299 25374
ASPATH: 29636 2914 1299 25374
ASPATH: 5511 702 8866 25374
ASPATH: 5511 3257 9070 25374
ASPATH: 5511 3257 8400 8866 25374
ASPATH: 5511 3549 8866 25374
ASPATH: 5511 702 8866 25374
ASPATH: 5511 174 8751 35797
ASPATH: 39202 12713 3329 3329 3329 3329 3329 30850
ASPATH: 13237 702 8866 25374
ASPATH: 39202 3257 3356 5056
ASPATH: 39202 174 6453 8866
ASPATH: 39202 174 8400 8866 25374
ASPATH: 39202 3257 702 8866 25374
ASPATH: 39202 3257 9070 25374
ASPATH: 39202 174 9070 25374
ASPATH: 39202 3491 9299 7491 7491 7491 7491 7491 7491 7491
ASPATH: 39202 20485 21127 43648
ASPATH: 39202 174 8751 47505
ASPATH: 39202 174 701 10333
ASPATH: 39202 174 3320 5483 8751 35797
ASPATH: 29636 2914 702 8866
ASPATH: 29636 2914 6453 8866 25374
ASPATH: 6939 3549 25466 13189 13189 25473 25473 25473
ASPATH: 13237 702 8400 8866 25374
ASPATH: 13237 8928 8400 8866 25374
ASPATH: 13237 174 8400 8866 25374
ASPATH: 29636 2914 3257 9070 25374
ASPATH: 29636 2914 174 8751 35797
ASPATH: 29636 2914 702 8866 25374
ASPATH: 13237 3320 702 8866 25374
ASPATH: 13237 3320 702 8866 25374
ASPATH: 5511 701 7046
ASPATH: 29636 2914 3356 40627
ASPATH: 6762 8400 8866 25374
ASPATH: 29636 2914 3356 5056
ASPATH: 6762 1299 25374
ASPATH: 6762 3356 5056
ASPATH: 6762 1299 25374 25374
ASPATH: 6762 3257 9070 25374
ASPATH: 6762 3257 9070 25374
ASPATH: 6762 174 8751 47505
ASPATH: 6762 1239 6453 7545 7545 7545 9942 24395
ASPATH: 13237 3320 1239 701 10911 19733
ASPATH: 6762 3356 40627
ASPATH: 6762 6453 8866
ASPATH: 6762 701 702 8866 25374
ASPATH: 6762 701 19017
ASPATH: 6762 701 19017
ASPATH: 6762 1239 701 28513 14080 10620
ASPATH: 13237 174 8751 35797
ASPATH: 13237 174 1785 13976
ASPATH: 29636 2914 174 8751 47505
ASPATH: 29636 2914 174 8751 35797
ASPATH: 13237 3320 1239 701 10911 19733
ASPATH: 8419 5588 5606 35002 39107
ASPATH: 8419 6461 3356 5056
ASPATH: 8419 3356 5056
ASPATH: 8419 6461 3320 31204
ASPATH: 8419 6461 3257 9070 25374
ASPATH: 8419 3356 702 9070 25374
ASPATH: 8419 5413 701 1239 4323 7545
ASPATH: 8419 3491 9299 7491 7491 7491 7491 7491 7491 7491
ASPATH: 8419 3356 3320 5483 8751 35797
ASPATH: 8419 3356 701 702 9070 25374
ASPATH: 8419 6461 3549 5400
ASPATH: 8419 6461 3549 8866 25374
ASPATH: 8419 6461 3549 8866 25374
ASPATH: 8419 3356 702 8866 25374
ASPATH: 8419 5413 702 701 6453 4755 18231
ASPATH: 29636 2914 3549 8866 25374
ASPATH: 29636 2914 1239 8400 8866 25374
ASPATH: 29636 2914 701 702 8866 25374
ASPATH: 13237 8928 8400 8866 25374
ASPATH: 3257 3549 25466 13189 13189 25473 25473
ASPATH: 13237 3320 1239 701 28513 14080 10620
ASPATH: 3356 8400 8866 25374
ASPATH: 3356 8400 8866 25374
ASPATH: 29636 8001
ASPATH: 29636 2914 3549 25466 13189 13189 25473 25473
ASPATH: 5511 174 8751 35797
ASPATH: 29636 2914 6453 8866 25374
ASPATH: 2914 3549 25466 13189 13189 25473 25473
ASPATH: 3257 3549 25466 13189 13189 25473 25473 25473
ASPATH: 8468 1299 3356 5056
ASPATH: 8468 8764 30721 9051
ASPATH: 8468 9070 25374
ASPATH: 8468 8400 8866 25374
ASPATH: 8468 8928 5483 8751 8751 8751 8751 47505
ASPATH: 8468 5588 5606 35002 39107
ASPATH: 8468 12713 3329 3329 3329 3329 3329 30850
ASPATH: 8468 6453 8866
ASPATH: 8468 8359 6854 9198 31567
ASPATH: 8468 1299 1239 10333
ASPATH: 8468 1299 174 8751 35797
ASPATH: 8468 1299 8400 8866 25374
ASPATH: 1299 5483 8751 47505
ASPATH: 1299 25374 25374
ASPATH: 1299 25374
ASPATH: 1299 5483 8751 35797
ASPATH: 1299 8400 8866 25374
ASPATH: 8468 8359 12389 9198 31567
ASPATH: 2914 3549 25466 13189 13189 25473 25473 25473
ASPATH: 2914 3549 25466 13189 13189 25473 25473 25473
ASPATH: 2914 3549 25466 13189 13189 25473 25473 25473
ASPATH: 5511 6453 8866 25374
ASPATH: 3257 3549 25466 13189 13189 25473 25473 25473
ASPATH: 29636 8359 12389 9198 31567
ASPATH: 13237 702 8866 25374
ASPATH: 29636 3257 3549 6517 36356
ASPATH: 2914 16467 36356 36356 36356 36356
ASPATH: 2914 16467 36356 36356 36356 36356
ASPATH: 34245 5588 5606 35002 39107
ASPATH: 34245 3257 3356 5056
ASPATH: 34245 174 8751 47505
ASPATH: 34245 3257 174
ASPATH: 34245 8359 12389 9198 31567
ASPATH: 13237 174 1785 13976
ASPATH: 13237 174
ASPATH: 13237 174 8751 35797
ASPATH: 5511 6453 8866 25374
ASPATH: 29636 2914 6453 8866 25374
ASPATH: 29636 2914 702 9198 31567
ASPATH: 29636 2914 3356 35002 39107
ASPATH: 13237 3320 3356 35002 39107
ASPATH: 286 3549 3356 5056
ASPATH: 286 174 8751 47505
ASPATH: 286 174 8751 35797
ASPATH: 286 3257 8400 8866 25374
ASPATH: 286 3257 9070 25374
ASPATH: 6067 174 8751 35797
ASPATH: 286 174 1785 13976
ASPATH: 6067 3356 701 28513 14080 10620
ASPATH: 286 6453 8866
ASPATH: 6067 286 702 9198 31567
ASPATH: 286 3549 1239 19398
ASPATH: 6067 3356 5056
ASPATH: 286 174
ASPATH: 6067 3356 3549 9304 80 1295 1295
ASPATH: 286 3549 1239 5056
ASPATH: 6067 3356 40627
ASPATH: 286 702 8866 25374
ASPATH: 6067 3549 1299 25374
ASPATH: 286 3257 701 28513 14080 10620
ASPATH: 6067 174 1785 13976
ASPATH: 6067 6453 8866 25374
ASPATH: 6067 8468 9070 25374
ASPATH: 6067 8468 9070 25374
ASPATH: 6067 3356 1239 4323 7545 9942 24395
ASPATH: 6067 174 8400 8866 25374
ASPATH: 6067 174 8751 47505
ASPATH: 6067 3356 6453 3225
ASPATH: 6067 8468 8764 30721 9051
ASPATH: 6067 3549 6453 8866
ASPATH: 6762 2914 7019
ASPATH: 6762 2914 12731 34138
ASPATH: 13237 174 1785 13976
ASPATH: 13237 174 1785 13976
ASPATH: 5511 3356 40627
ASPATH: 13237 3320 174
ASPATH: 29636 2914 1239 27696
ASPATH: 29636 2914 6453 8866 25374
ASPATH: 30844 3356 8400 8866 25374
ASPATH: 30844 3356 40627
ASPATH: 30844 12713 12361 30850
ASPATH: 30844 3356 5056
ASPATH: 30844 3356 1239 10333
ASPATH: 30844 3356 3257 9070 25374
ASPATH: 30844 3356 1239 4323 7545 9942 24395
ASPATH: 30844 3356 3320 5483 8751 47505
ASPATH: 5400
ASPATH: 5511 702 8866
ASPATH: 5511 702 8866
ASPATH: 5511 3549 9304 80 1295 1295
ASPATH: 5511 3549 9304 80 1295 1295
ASPATH: 5511 3549 9304 80 14846 14846
ASPATH: 5511 3549 9304 80 14846 14846
ASPATH: 29636 2914 3549 9304 80 3921 3921
ASPATH: 29636 2914 3549 9304 80
ASPATH: 29636 2914 3549 9304 80 3921 3921
ASPATH: 29636 2914 3549 9304 80 19981 19981
ASPATH: 29636 2914 3549 9304 80 14846 14846
ASPATH: 29636 2914 3549 9304 80 14846 14846
ASPATH: 29636 2914 3549 9304 80 1295 1295
ASPATH: 29636 2914 3549 9304 80 14846 14846
ASPATH: 29636 2914 3549 9304 80 1295 1295
ASPATH: 5511 3549 9304 80 19981 19981
ASPATH: 5511 3549 9304 80
ASPATH: 5511 3549 9304 80 3921 3921
ASPATH: 5511 3549 9304 80 3921 3921
ASPATH: 39202 174 3356 40627
ASPATH: 39202 174 6453 8866
ASPATH: 39202 3257 3356 35002 39107
ASPATH: 39202 3257 6453 8866 25374
ASPATH: 39202 174 1785 13976
ASPATH: 39202 174 8751 35797
ASPATH: 39202 174 8359 8359 8359 12389 9198 31567
ASPATH: 39202 3257 701 174
ASPATH: 5511 174
ASPATH: 13237 702 8866 25374
ASPATH: 29636 2914 702 9070 25374
ASPATH: 29636 2914 702 9070 25374
ASPATH: 29636 2914 6453 8866
ASPATH: 29636 2914 702 9070 25374
ASPATH: 29636 2914 702 8866 25374
ASPATH: 29636 2914 702 9198 31567
ASPATH: 29636 2914 702 8866 25374
ASPATH: 29636 8001
ASPATH: 29636 2914 1239 27696
ASPATH: 29636 2914 702 8866
ASPATH: 29636 2914 3356 40627
ASPATH: 5511 701 209 64 5691 5691
ASPATH: 6762 6830 8514 39555
ASPATH: 6762 12361 30850
ASPATH: 6762 1239 174
ASPATH: 6762 3356 40627
ASPATH: 6762 702 9070 25374
ASPATH: 6762 702 9070 25374
ASPATH: 6762 702 8866 25374
ASPATH: 6762 701 702 8866
ASPATH: 6762 701 702 9198 31567
ASPATH: 6762 3549 9304 80 1295 1295
ASPATH: 6762 3549 9304 80 14846 14846
ASPATH: 6762 3549 9304 80 3921 3921
ASPATH: 6762 3549 9304 80 19981 19981
ASPATH: 6762 3549 9304 80
ASPATH: 29636 6461 12111 3561 174
ASPATH: 8419 3356 35002 39107
ASPATH: 8419 3356 5056
ASPATH: 8419 6461 6453 8866 25374
ASPATH: 8419 3356 1299 25374
ASPATH: 8419 3356 3257 9070 25374
ASPATH: 8419 5413 174
ASPATH: 8419 5413 702 701 28513 14080 10620
ASPATH: 8419 5413 702 701 1239 4323 7545
ASPATH: 13237 3549 174
ASPATH: 13237 3320 174
ASPATH: 13237 3549 174
ASPATH: 29636 2914 701 702 9198 31567
ASPATH: 29636 2914 6453 8866
ASPATH: 29636 3257 3549 9304 80 14846 14846
ASPATH: 29636 3257 3549 9304 80
ASPATH: 29636 3257 3549 9304 80 3921 3921
ASPATH: 29636 3257 3549 9304 80 14846 14846
ASPATH: 29636 3257 3549 9304 80 19981 19981
ASPATH: 29636 3257 3549 9304 80 3921 3921
ASPATH: 29636 3257 3549 9304 80 1295 1295
ASPATH: 29636 3257 3549 9304 80 19981 19981
ASPATH: 29636 3257 3549 9304 80 1295 1295
ASPATH: 5511 6762 12361 30850
ASPATH: 5511 702 9070 25374
ASPATH: 5511 702 9070 25374
ASPATH: 13237 9070 25374
ASPATH: 13237 9070 25374
ASPATH: 13237 702 9070 25374
ASPATH: 13237 702 9070 25374
ASPATH: 13237 702 9070 25374
ASPATH: 3257 8400 8866 25374
ASPATH: 3257 8400 8866 25374
ASPATH: 5511 3257 9070 25374
ASPATH: 5511 1299 25374 25374
ASPATH: 5511 3257 9070 25374
ASPATH: 5511 6453 8866 25374
ASPATH: 5511 702 9070 25374
ASPATH: 5511 702 9070 25374
ASPATH: 5511 702 9070 25374
ASPATH: 5511 702 9070 25374
ASPATH: 5511 701 174
ASPATH: 3257 8400 8866 25374
ASPATH: 5511 6453 8866 25374
ASPATH: 5511 702 9070 25374
ASPATH: 5511 702 9070 25374
ASPATH: 13237 3549 9304 80 14846 14846
ASPATH: 13237 3549 9304 80 19981 19981
ASPATH: 13237 3549 9304 80 3921 3921
ASPATH: 13237 3549 9304 80 14846 14846
ASPATH: 13237 3549 9304 80 3921 3921
ASPATH: 13237 3549 9304 80 19981 19981
ASPATH: 13237 3549 9304 80 14846 14846
ASPATH: 13237 3549 9304 80 3921 3921
ASPATH: 13237 3320 1239 3549 9304 80 3921 3921
ASPATH: 13237 3549 209 7106
ASPATH: 13237 3320 1239 3549 9304 80 19981 19981
ASPATH: 13237 3320 1239 3549 9304 80 14846 14846
ASPATH: 13237 3320 1239 3549 9304 80 3921 3921
ASPATH: 13237 3549 174
ASPATH: 13237 3320 1239 3549 9304 80
ASPATH: 13237 3320 1239 3549 9304 80 14846 14846
ASPATH: 13237 3320 1239 3549 9304 80 3921 3921
ASPATH: 13237 3320 1239 3549 9304 80 1295 1295
ASPATH: 13237 3320 1239 3549 9304 80 14846 14846
ASPATH: 13237 3320 1239 3549 9304 80 1295 1295
ASPATH: 13237 3320 1239 3549 9304 80 14846 14846
ASPATH: 13237 3320 1239 3549 9304 80 1295 1295
ASPATH: 29636 2914 3549 25466 13189 13189 25473 25473 25473
ASPATH: 29636 8001
ASPATH: 9002 13189 25473 25473
ASPATH: 15444
ASPATH: 6939 23310
ASPATH: 8468 1299 3356 35002 39107
ASPATH: 8468 1299 3356 5056
ASPATH: 8468 3491 9299 7491 7491 7491 7491 7491 7491 7491
ASPATH: 8468 12713 12361 30850
ASPATH: 8468 6453 702 9198 31567
ASPATH: 8468 8400 8866 25374
ASPATH: 8468 35425 41495
ASPATH: 8468 6453 174
ASPATH: 8468 8928 5483 8751 8751 8751 8751 35797
ASPATH: 8468 6453 3356 40627
ASPATH: 8468 6453 702 8866
ASPATH: 8468 1299 3257 9070 25374
ASPATH: 8468 1299 25374
ASPATH: 8468 1299 25374 25374
ASPATH: 3257 3549 25466 13189 13189 25473 25473
ASPATH: 2914 3549 25466 13189 13189 25473 25473
ASPATH: 5511 6453 8866
ASPATH: 2914 3549 25466 13189 13189 25473 25473
ASPATH: 29636 3257 3549 9304 80 19981 19981
ASPATH: 29636 3257 3549 9304 80 3921 3921
ASPATH: 29636 3257 3549 9304 80 19981 19981
ASPATH: 29636 3257 3549 9304 80
ASPATH: 29636 12713 12361 30850
ASPATH: 3257 3549 25466 13189 13189 25473 25473
ASPATH: 29636 2914 3356 6517 36356
ASPATH: 5511 3549 9304 80 19981 19981
ASPATH: 5511 3549 9304 80 1295 1295
ASPATH: 5511 3549 9304 80 1295 1295
ASPATH: 5511 3549 9304 80 3921 3921
ASPATH: 5511 3549 9304 80
ASPATH: 5511 3549 9304 80 14846 14846
ASPATH: 5511 3549 9304 80 3921 3921
ASPATH: 5511 3549 9304 80 1295 1295
ASPATH: 5511 3549 9304 80 14846 14846
ASPATH: 5511 3549 9304 80 14846 14846
ASPATH: 3356 8400 8866 25374
ASPATH: 3356 8400 8866 25374
ASPATH: 6830 6746 8751 47505
ASPATH: 13237 3320 3549 9304 80
ASPATH: 5413 25346
ASPATH: 29636 2914 3549 9304 80 3921 3921
ASPATH: 5511 5617 34789
ASPATH: 34245 12713 12361 30850
ASPATH: 6067 3549 9304 80 1295 1295
ASPATH: 13237 3320 3549 9304 80 1295 1295
ASPATH: 29636 2914 7018 3921
ASPATH: 5511 3549 9304 80
ASPATH: 34245 6830 6746 8751 47505
ASPATH: 6067 3549 9304 80 14846 14846
ASPATH: 13237 3320 3549 9304 80 1295 1295
ASPATH: 29636 2914 3549 9304 80 1295 1295
ASPATH: 5511 3549 9304 80 1295 1295
ASPATH: 34245 174 3356 35002 39107
ASPATH: 6067 3549 9304 80 19981 19981
ASPATH: 13237 3320 3549 9304 80 3921 3921
ASPATH: 29636 2914 3549 9304 80 3921 3921
ASPATH: 5511 3549 9304 80 14846 14846
ASPATH: 34245 174 1299 25374
ASPATH: 6067 286 3549 209 64 5691 5691
ASPATH: 13237 3320 3549 9304 80 19981 19981
ASPATH: 29636 2914 3549 9304 80 14846 14846
ASPATH: 5511 3549 9304 80 1295 1295
ASPATH: 34245 174 1299 25374 25374
ASPATH: 6067 6453 8866
ASPATH: 13237 3320 3549 9304 80 14846 14846
ASPATH: 29636 2914 3549 9304 80 1295 1295
ASPATH: 5511 3549 9304 80 14846 14846
ASPATH: 34245 3257 702 9070 25374
ASPATH: 6067 3356 1239 10333
ASPATH: 13237 3320 3549 9304 80 14846 14846
ASPATH: 29636 2914 3549 9304 80 14846 14846
ASPATH: 5511 3549 9304 80 14846 14846
ASPATH: 34245 6939 23310
ASPATH: 6067 286 3549 1239 4323 7545 9942 24395
ASPATH: 13237 3320 3549 9304 80 3921 3921
ASPATH: 29636 2914 3549 9304 80
ASPATH: 5511 3549 9304 80 3921 3921
ASPATH: 34245 3257 3549 9304 80 14846 14846
ASPATH: 6067 3549 9304 80
ASPATH: 13237 3320 3549 9304 80 1295 1295
ASPATH: 29636 2914 3549 9304 80 14846 14846
ASPATH: 5511 3549 9304 80 14846 14846
ASPATH: 34245 3257 3549 9304 80 1295 1295
ASPATH: 6067 3549 9304 80 3921 3921
ASPATH: 13237 3320 3549 9304 80 1295 1295
ASPATH: 29636 2914 3549 9304 80 19981 19981
ASPATH: 5511 3549 9304 80 14846 14846
ASPATH: 34245 3257 701 174
ASPATH: 6067 6453 3225
ASPATH: 13237 3320 3549 9304 80 14846 14846
ASPATH: 29636 2914 7018 23520 27696
ASPATH: 5511 3549 9304 80 3921 3921
ASPATH: 34245 3257 1299 25374
ASPATH: 6067 6453 174
ASPATH: 13237 3320 3549 9304 80 14846 14846
ASPATH: 5511 3549 9304 80 19981 19981
ASPATH: 34245 174 3549 9304 80
ASPATH: 13237 3320 3549 9304 80 3921 3921
ASPATH: 5511 3549 9304 80 3921 3921
ASPATH: 34245 174 3549 9304 80 14846 14846
ASPATH: 13237 3320 3549 9304 80
ASPATH: 5511 3356 5056
ASPATH: 34245 174 3549 9304 80 14846 14846
ASPATH: 13237 3320 3549 9304 80 14846 14846
ASPATH: 5511 5617 34789
ASPATH: 34245 174 3549 9304 80 1295 1295
ASPATH: 13237 3320 3549 9304 80 19981 19981
ASPATH: 5511 5617 34789
ASPATH: 13237 3320 3549 9304 80 3921 3921
ASPATH: 5511 3356 20804 34789
ASPATH: 286 3549 7018 3921
ASPATH: 286 209 5056 5056
ASPATH: 286 3549 209 64 5691 5691
ASPATH: 286 12713 12361 30850
ASPATH: 286 3549 701 702 8866
ASPATH: 286 3549 174
ASPATH: 286 3549 701 702 9198 31567
ASPATH: 286 3549 3356 40627
ASPATH: 286 6453 8866 25374
ASPATH: 286 702 9070 25374
ASPATH: 286 1299 25374
ASPATH: 286 1299 25374 25374
ASPATH: 286 3257 8400 8866 25374
ASPATH: 286 3549 1239 27696
ASPATH: 286 3549 209 64 5691 5691
ASPATH: 5511 6453 8866
ASPATH: 13237 3320 7018 23520 27696
ASPATH: 29636 2914 6453 8866
ASPATH: 29636 8001
ASPATH: 5511 7018 23520 27696
ASPATH: 5511 701 702 9198 31567
ASPATH: 6762 286 29259
ASPATH: 6762 3549 12731 34138
ASPATH: 6762 3549 25466 13189 13189 25473 25473
ASPATH: 5511 174 10240 10240 10240 10240 10240 10240
ASPATH: 29636 2914 6453 8866
ASPATH: 30844 3356 3561 16341
ASPATH: 30844 3356 702 9070 25374
ASPATH: 30844 3356 40627
ASPATH: 30844 3356 3549 8866 25374
ASPATH: 29636 2914 5400
ASPATH: 5511 702 9070 25374
ASPATH: 29636 2914 1299 25374
ASPATH: 5511 174 10240 10240 10240 10240 10240 10240
ASPATH: 39202 12713 12361 30850
ASPATH: 39202 174 3356 40627
ASPATH: 5511 1239 5056
ASPATH: 39202 174 3356 35002 39107
ASPATH: 39202 174 6453 8866
ASPATH: 39202 3257 1299 25374
ASPATH: 13237 702 8866 25374
ASPATH: 39202 3257 702 9070 25374
ASPATH: 39202 174 1299 25374
ASPATH: 39202 3257 701 174
ASPATH: 39202 3257 6453 8866 25374
ASPATH: 5511 3549 9304 80 3921 3921
ASPATH: 39202 174 701 702 9198 31567
ASPATH: 29636 2914 702 8866
ASPATH: 5511 3549 9304 80 19981 19981
ASPATH: 39202 174 209 20171
ASPATH: 29636 2914 702 9070 25374
ASPATH: 5511 3549 9304 80 3921 3921
ASPATH: 39202 174 3549 9304 80 1295 1295
ASPATH: 29636 2914 702 8866 25374
ASPATH: 5511 3549 9304 80 1295 1295
ASPATH: 39202 3257 1299 25374 25374
ASPATH: 29636 2914 3549 9304 80 1295 1295
ASPATH: 5511 3549 9304 80 14846 14846
ASPATH: 29636 2914 3549 9304 80
ASPATH: 5511 3549 9304 80 1295 1295
ASPATH: 29636 2914 3549 9304 80 3921 3921
ASPATH: 5511 3549 9304 80
ASPATH: 29636 2914 3549 9304 80 1295 1295
ASPATH: 5511 3549 9304 80 14846 14846
ASPATH: 29636 2914 3549 9304 80 3921 3921
ASPATH: 5511 3549 9304 80 14846 14846
ASPATH: 29636 2914 3549 9304 80 14846 14846
ASPATH: 29636 2914 3549 9304 80 14846 14846
ASPATH: 29636 2914 3549 9304 80 19981 19981
ASPATH: 29636 2914 3549 9304 80 14846 14846
ASPATH: 29636 8001
ASPATH: 29636 2914 702 8866 25374
ASPATH: 5511 701 7046
ASPATH: 29636 2914 1239 5056
ASPATH: 6762 702 9070 25374
ASPATH: 6762 702 9070 25374
ASPATH: 6762 209 7106
ASPATH: 5511 702 9070 25374
ASPATH: 6762 6939 23310
ASPATH: 5511 1299 25374
ASPATH: 6762 6453 8866 25374
ASPATH: 6762 5400
ASPATH: 6762 3356 5056
ASPATH: 6762 6453 8866
ASPATH: 6762 3549 9304 80
ASPATH: 5511 17927 3491 4761 18156
ASPATH: 6762 3549 9304 80 14846 14846
ASPATH: 5511 6453 8866 25374
ASPATH: 6762 3549 9304 80 3921 3921
ASPATH: 6762 3549 9304 80 19981 19981
ASPATH: 6762 3549 9304 80 1295 1295
ASPATH: 29636 3257 5391
ASPATH: 5511 209 64 5691 5691
ASPATH: 29636 2914 209 64 5691 5691
ASPATH: 8419 3356 702 9070 25374
ASPATH: 8419 6939 23310
ASPATH: 8419 3356 3549 9304 80
ASPATH: 8419 3356 3549 9304 80 1295 1295
ASPATH: 8419 6461 3549 9304 80 14846 14846
ASPATH: 8419 6461 3549 9304 80 3921 3921
ASPATH: 8419 6461 3549 9304 80 3921 3921
ASPATH: 8419 6461 3549 9304 80 19981 19981
ASPATH: 29636 30071 3549 25466 13189 13189 25473 25473
ASPATH: 5511 3215 42795
ASPATH: 5511 702 9070 25374
ASPATH: 29636 2914 6830
ASPATH: 13237 3549 174
ASPATH: 13237 3549 9304 80
ASPATH: 13237 3549 9304 80 1295 1295
ASPATH: 13237 3549 174
ASPATH: 13237 3549 9304 80 3921 3921
ASPATH: 13237 3549 9304 80 1295 1295
ASPATH: 13237 3549 9304 80 3921 3921
ASPATH: 13237 3549 9304 80 14846 14846
ASPATH: 13237 3549 9304 80 14846 14846
ASPATH: 13237 3549 9304 80 19981 19981
ASPATH: 13237 3549 209 7106
ASPATH: 29636 8001
ASPATH: 5511 174 35670
ASPATH: 13237 1299 174 35670
ASPATH: 13237 3320 174 35670
ASPATH: 8468 6453 3356 40627
ASPATH: 8468 1299 7018 23520 27696
ASPATH: 8468 6453 8866
ASPATH: 8468 6453 3549 9304 80 14846 14846
ASPATH: 8468 6453 3549 9304 80 3921 3921
ASPATH: 8468 6453 3549 9304 80 1295 1295
ASPATH: 8468 6453 3549 9304 80
ASPATH: 8468 6453 3549 9304 80 19981 19981
ASPATH: 8468 1299 702 9070 25374
ASPATH: 8468 6453 8866 25374
ASPATH: 8468 1299 702 8866 25374
ASPATH: 8468 6939 23310
ASPATH: 6939 2516 7660 2500 4691 18084 9600
ASPATH: 5511 3356 10026 38717
ASPATH: 2914 278 18592 11537 22388 7660 7684 2500 4725 2497 18084 18084 18084 9600
ASPATH: 2914 278 18592 11537 22388 7660 7684 2500 4725 2497 18084 18084 18084 9600
ASPATH: 5511 3549 3491 38717
ASPATH: 29636 2914 174 35670
ASPATH: 6939 6175 3549 30071 21280 36948
ASPATH: 29636 2914 2686 1889 1889
ASPATH: 29636 2914 2686 1889
ASPATH: 13237 3320 174 35670
ASPATH: 3257 8400 8866 25374
ASPATH: 3257 3549 30071 21280 36948
ASPATH: 13237 3320 3356 5056
ASPATH: 3356 5400
ASPATH: 3356 5400
ASPATH: 6067 3549 1239 5056
ASPATH: 6067 6453 7018 23520 27696
ASPATH: 6067 3356 40627
ASPATH: 6067 286 3549 174
ASPATH: 6067 6453 702 9070 25374
ASPATH: 6067 3356 702 8866 25374
ASPATH: 6067 174 10240 10240 10240 10240 10240 10240
ASPATH: 6067 286 3549 701 702 9198 31567
ASPATH: 6067 3549 8866 25374
ASPATH: 6067 3549 3216 16176
ASPATH: 6067 286 1299 25374
ASPATH: 6067 3549 702 9070 25374
ASPATH: 6067 3549 702 9070 25374
ASPATH: 6067 3549 209 64 5691 5691
ASPATH: 6067 3549 8400 8866 25374
ASPATH: 6067 3549 174 35670
ASPATH: 2914 30071 21280 36948
ASPATH: 29636 3257 174 35670
ASPATH: 19151 30071 21280 36948
ASPATH: 9002 30071 21280 36948
ASPATH: 5511 3356 5056
ASPATH: 3257 30071 21280 36948
ASPATH: 13237 3320 3549 27065 27065 27065 5803
ASPATH: 29636 2914 3549 27065 27065 27065 5803
ASPATH: 34245 3257 8400 8866 25374
ASPATH: 286 3549 1239 5056
ASPATH: 5511 702 9070 25374
ASPATH: 6939 3257 30071 21280 36948
ASPATH: 13237 174 35670
ASPATH: 29636 8001
ASPATH: 34245 3257 3549 9304 80
ASPATH: 286 6762 12361 30850
ASPATH: 5511 702 9070 25374
ASPATH: 13237 3320 3549 27065 27065 27065 5803
ASPATH: 29636 2914 1239 27065 5803
ASPATH: 34245 3257 3549 9304 80 14846 14846
ASPATH: 286 3257 8400 8866 25374
ASPATH: 5511 702 9070 25374
ASPATH: 13237 3320 3549 27065 27065 27065 5803
ASPATH: 34245 3257 3549 9304 80 1295 1295
ASPATH: 286 3549 7018 23520 27696
ASPATH: 5511 3549 27065 27065 27065 5803
ASPATH: 13237 3320 1239 5056
ASPATH: 34245 3257 702 9070 25374
ASPATH: 286 3549 9304 80
ASPATH: 34245 174 3216 16176
ASPATH: 286 6453 8866
ASPATH: 34245 174 5511 3215 42795
ASPATH: 286 3549 9304 80 3921 3921
ASPATH: 34245 174 209 5056 5056
ASPATH: 286 3549 9304 80 1295 1295
ASPATH: 34245 174 35670
ASPATH: 286 3549 9304 80 14846 14846
ASPATH: 34245 3257 3549 8055
ASPATH: 286 3549 9304 80 19981 19981
ASPATH: 34245 3257 3549 8055
ASPATH: 286 3549 3356 40627
ASPATH: 34245 3257 702 9070 25374
ASPATH: 286 6453 8866 25374
ASPATH: 34245 3257 702 9070 25374
ASPATH: 286 3549 174 10240 10240 10240 10240 10240 10240
ASPATH: 286 174 35670
ASPATH: 286 3549 701 702 9070 25374
ASPATH: 286 702 9070 25374
ASPATH: 5511 1239 27065 5803
ASPATH: 5511 3356 3255
ASPATH: 13237 3320 1239 27065 5803
ASPATH: 6762 3257 30071 21280 36948
ASPATH: 3257 9070 25374
ASPATH: 5511 3257 9070 25374
ASPATH: 13237 9070 25374
ASPATH: 13237 9070 25374
ASPATH: 3257 9070 25374
ASPATH: 3257 9070 25374
ASPATH: 3257 9070 25374
ASPATH: 5511 3257 9070 25374
ASPATH: 5511 3257 9070 25374
ASPATH: 13237 9070 25374
ASPATH: 5511 3257 9070 25374
ASPATH: 13237 9070 25374
ASPATH: 13237 9070 25374
ASPATH: 29636 2914 1239 19429
ASPATH: 29636 2914 1239 27065 5803
ASPATH: 30844 12713 3329 3329 3329 3329 3329 30850
ASPATH: 13237 3320 1239 27065 5803
ASPATH: 5511 1239 27065 5803
ASPATH: 13237 3320 1239 701
ASPATH: 5511 5400
ASPATH: 13237 3320 1239 27065 5803
ASPATH: 5511 3257 9070 25374
ASPATH: 5400
ASPATH: 9002 30071 21280 36948
ASPATH: 13237 3320 1239 701
ASPATH: 29636 2914 5400
ASPATH: 5511 1299 25374
ASPATH: 5511 3257 8400 8866 25374
ASPATH: 5511 3257 9070 25374
ASPATH: 5511 3257 9070 25374
ASPATH: 5511 702 8866 25374
ASPATH: 5511 702 8866 25374
ASPATH: 13237 2686 1889 1889
ASPATH: 13237 2686 1889
ASPATH: 5511 3257 9070 25374
ASPATH: 3257 9070 25374
ASPATH: 29636 2914 1299 25374
ASPATH: 2914 30071 21280 36948
ASPATH: 13237 2516 17676 38043
ASPATH: 29636 2914 5511 3215 42795
ASPATH: 5511 1239 5056
ASPATH: 39202 174 10240 10240 10240 10240 10240 10240
ASPATH: 39202 174 8400 8866
ASPATH: 39202 174 209 64 5691 5691
ASPATH: 39202 174 3549 8055
ASPATH: 39202 174 8400 8866 25374
ASPATH: 39202 3257 702 8866 25374
ASPATH: 39202 3257 9070 25374
ASPATH: 39202 3257 9070 25374
ASPATH: 39202 174 5511 3215 42795
ASPATH: 39202 174 3549 9304 80 1295 1295
ASPATH: 39202 174 209 5056 5056
ASPATH: 39202 174 5400
ASPATH: 39202 174 35670
ASPATH: 39202 174 1239 19429
ASPATH: 39202 174 1239 27065 5803
ASPATH: 39202 174 701 702 9070 25374
ASPATH: 13237 8928 8400 8866 25374
ASPATH: 29636 2914 3257 9070 25374
ASPATH: 29636 2914 3257 9070 25374
ASPATH: 29636 2914 3257 9070 25374
ASPATH: 29636 2914 702 8866 25374
ASPATH: 29636 2914 702 8866 25374
ASPATH: 13237 3320 702 8866 25374
ASPATH: 13237 3320 3549 8866 25374
ASPATH: 13237 174 8400 8866 25374
ASPATH: 13237 174 8400 8866 25374
ASPATH: 13237 174 8400 8866 25374
ASPATH: 5511 3549 3216 16176
ASPATH: 29636 2914 1239 19429
ASPATH: 5511 3549 8866 25374
ASPATH: 5511 3549 8866 25374
ASPATH: 5511 3549 3216 16176
ASPATH: 5511 702 3216 16176
ASPATH: 29636 2914 1239 5056
ASPATH: 6939 30071 21280 36948
ASPATH: 5511 2914 9498 9583
ASPATH: 6762 6830
ASPATH: 6762 6830 16221
ASPATH: 6762 6830 8514 28848
ASPATH: 6762 6830 8514 29677
ASPATH: 6762 6830 8514 39555
ASPATH: 6762 702 3329 30850
ASPATH: 6762 209 64 5691 5691
ASPATH: 6762 2686 1889 1889
ASPATH: 6762 2686 1889
ASPATH: 6762 8400 8866
ASPATH: 6762 174 35670
ASPATH: 6762 3356 5056
ASPATH: 6762 7018 5056 5056
ASPATH: 6762 8400 8866 25374
ASPATH: 6762 1239 27065 5803
ASPATH: 6762 6453 21548
ASPATH: 6762 6453 2042 24321
ASPATH: 6762 6453 2042
ASPATH: 6762 7018 3786 4670 9319
ASPATH: 6762 7018 3786 4670
ASPATH: 6762 7018 3786 4670 38423
ASPATH: 6762 2914 23576
ASPATH: 6762 6453 21548 36231
ASPATH: 6762 6453 10929 36231
ASPATH: 6762 6453 21548 14112
ASPATH: 6762 6453 27280
ASPATH: 6762 6453 21548 30003
ASPATH: 6762 3356 23352 20940 20940
ASPATH: 6762 1299 39982
ASPATH: 6762 6453 21548 30466
ASPATH: 6762 6453 20940 20940
ASPATH: 6762 702 8717 39505 33998
ASPATH: 6762 3257 9127 39467
ASPATH: 6762 6461 6461 20857
ASPATH: 6762 3257 15772 5592 21390
ASPATH: 6762 702 8717 41782
ASPATH: 6762 3257 15772 31556 15738
ASPATH: 6762 1299 9304 38613
ASPATH: 6762 2914 9924
ASPATH: 6762 1299 9304 38613 38165
ASPATH: 6762 1299 9304 38608 38608
ASPATH: 6762 2914 3786 3786 7623
ASPATH: 6762 2914 9924
ASPATH: 6762 1239 1880 7247
ASPATH: 6762 3257 15772 35381 41762
ASPATH: 6762 6461 6461 20857
ASPATH: 6762 1299 25229 24710 43458
ASPATH: 6762 3257 15772 35381
ASPATH: 6762 3257 15772 25398
ASPATH: 6762 3257 15772 35381 41459
ASPATH: 6762 1299 13249 8343 29128 41709
ASPATH: 6762 1299 25229 42982
ASPATH: 6762 3257 15772 35381 41873
ASPATH: 6762 1299 25229 39697
ASPATH: 6762 702 8717 34512
ASPATH: 6762 1299 25229 39697 42834
ASPATH: 6762 1299 13249 8343 29128
ASPATH: 6762 1299 13249 8343 29128 28974
ASPATH: 6762 702 8717 15534
ASPATH: 6762 1299 25228 25228 30969
ASPATH: 6762 6453 22351 8668 31856
ASPATH: 6762 1299 5377 9207 21280
ASPATH: 6762 5400
ASPATH: 6762 701 703 24399 38011
ASPATH: 6762 6453 2042 24314
ASPATH: 6762 6453 2042 38005
ASPATH: 6762 3257 9304 38613 24198 17671 17671
ASPATH: 6762 6453 2042 9833
ASPATH: 6762 6453 2042 24020
ASPATH: 6762 6453 2042 37972
ASPATH: 6762 3257 9304 38613 24198
ASPATH: 6762 6453 2042 9655
ASPATH: 6762 2914 9304 38802
ASPATH: 6762 6453 2042 24090
ASPATH: 6762 7018 3786 4670 10189
ASPATH: 6762 6453 21548 22543
ASPATH: 6762 6453 21548
ASPATH: 6762 6453 21548
ASPATH: 6762 702 8717 42794
ASPATH: 6762 2914 9304 17487
ASPATH: 6762 3257 9070 25374
ASPATH: 6762 209 7106
ASPATH: 6762 701 702 8866 25374
ASPATH: 6762 1299 25374 25374
ASPATH: 6762 1299 25374
ASPATH: 6762 2914 9498 9583
ASPATH: 6762 2914 9498 9583
ASPATH: 29636 2914 9498 9583
ASPATH: 2914 9498 9583
ASPATH: 2914 9498 9583
ASPATH: 5511 2914 9498 9583
ASPATH: 8419 6461 3356 5056
ASPATH: 8419 3356 1239 5056
ASPATH: 8419 3356 702 9070 25374
ASPATH: 8419 6461 3549 8866 25374
ASPATH: 8419 3356 702 8866 25374
ASPATH: 8419 3356 3549 9304 80 3921 3921
ASPATH: 8419 3356 3549 9304 80 19981 19981
ASPATH: 8419 3356 3549 9304 80 14846 14846
ASPATH: 8419 3356 7018 23520 27696
ASPATH: 8419 6461 5400
ASPATH: 8419 6461 2686 1889
ASPATH: 8419 6461 2686 1889 1889
ASPATH: 8419 6461 174 35670
ASPATH: 8419 3356 6453 8866 25374
ASPATH: 8419 3356 3320 31204 8474
ASPATH: 8419 6461 3549 3216 16176
ASPATH: 5511 3549 3329 30850
ASPATH: 29636 3257 3549 3216 16176
ASPATH: 29636 2914 3549 8866 25374
ASPATH: 29636 2914 701 702 8866 25374
ASPATH: 29636 2914 1239 8400 8866 25374
ASPATH: 13237 3320 702 8866 25374
ASPATH: 29636 6461 1239 19429
ASPATH: 13237 8928 8400 8866 25374
ASPATH: 29636 30071 21280 36948
ASPATH: 13237 3320 702 8866 25374
ASPATH: 5511 174
ASPATH: 5511 1239 27065 5803
ASPATH: 13237 3549 174
ASPATH: 29636 8001
ASPATH: 13237 3549 209 7106
ASPATH: 13237 3549 5511 3215 42795
ASPATH: 29636 5588 5588 5588 31117 31117 3255 3255 3255 3255
ASPATH: 29636 2914 278 18592 11537 22388 7660 7684 2500 4725 2497 18084 18084 18084 9600
ASPATH: 13237 5588 31117 3255 3255 3255 3255
ASPATH: 13237 8928 31117 31117 3255 3255 3255 3255
ASPATH: 13237 5588 31117 3255 3255 3255 3255
ASPATH: 5511 174
ASPATH: 29636 2914 8928 31117 31117 3255 3255 3255 3255
ASPATH: 29636 2914 6453 8866 25374
ASPATH: 13237 3257 30176